C:\Users\Diego\PycharmProjects\MLEx3\venv\Scripts\python.exe C:/Users/Diego/PycharmProjects/MLEx3/main.py
Found 971 files

Found the following classes: ['acerolas', 'apples', 'apricots', 'avocados', 'bananas', 'blackberries', 'blueberries', 'cantaloupes', 'cherries', 'coconuts', 'figs', 'grapefruits', 'grapes', 'guava', 'kiwifruit', 'lemons', 'limes', 'mangos', 'olives', 'oranges', 'passionfruit', 'peaches', 'pears', 'pineapples', 'plums', 'pomegranates', 'raspberries', 'strawberries', 'tomatoes', 'watermelons']
Transformed labels (first elements: [0 0 0 0 0 0 0 0 0 0 0 0 0 0 0 0 0 0 0 0 0 0 0 0 1 1 1 1 1 1 1 1 1 1 1 1 1
 1 1 1 1 1 1 1 1 1 1 1 1 1 1 1 1 1 1 1 1 1 1 1 1 1 2 2 2 2 2 2 2 2 2 2 2 2
 2 2 2 2 2 2 2 2 2 2 2 2 2 2 2 2 2 2 3 3 3 3 3 3 3 3 3 3 3 3 3 3 3 3 3 3 3
 3 3 3 3 3 3 3 4 4 4 4 4 4 4 4 4 4 4 4 4 4 4 4 4 4 4 4 4 4 4 4 4 4 4 4 4 4
 4 4]
... done label encoding
Extracting features using OpenCV.

Time to extract histogram features using OpenCV: 67.07008399559174
Names (971,) 
data 1D (971, 192) 
labels (971,) 
Set 0: 

Classifier Knn

Time to build model: 0.10102949232724256
Time to make predictions: 0.054052089155675276
C:\Users\Diego\PycharmProjects\MLEx3\venv\lib\site-packages\sklearn\metrics\classification.py:1143: UndefinedMetricWarning: F-score is ill-defined and being set to 0.0 in labels with no predicted samples.
  'precision', 'predicted', average, warn_for)
Overall F1 score: 0.09246575342465754 
 
                        Per class F1 score: 
 [0.22222222 0.0952381  0.         0.         0.19354839 0.41666667
 0.47058824 0.26666667 0.125      0.         0.         0.
 0.         0.         0.         0.         0.11764706 0.
 0.         0.25       0.         0.         0.         0.07407407
 0.         0.         0.08       0.12903226 0.10526316 0.        ]

                        Confusion Matrix: 
 [[2 0 0 0 0 0 0 0 0 0 0 0 0 0 0 0 0 0 0 0 0 0 0 0 0 1 1 1 1 1]
 [0 1 0 0 1 1 0 0 0 0 0 0 0 1 0 0 1 0 0 0 1 0 2 0 0 0 1 2 0 0]
 [2 0 0 0 1 0 0 0 0 0 2 0 0 1 0 0 0 1 0 0 0 1 0 0 0 1 0 0 0 0]
 [0 1 0 0 1 0 0 0 0 0 0 0 0 0 0 0 1 0 0 0 2 0 0 0 0 0 0 1 1 1]
 [1 0 0 0 3 1 0 0 0 0 1 0 0 2 0 0 2 0 0 0 0 0 0 1 0 0 0 0 2 0]
 [1 0 0 0 0 5 1 0 0 0 0 0 1 0 0 0 0 0 0 0 1 0 0 0 0 0 1 1 0 0]
 [0 0 0 0 0 1 4 0 0 0 0 0 2 0 0 0 0 0 0 1 0 0 0 1 0 0 0 0 0 1]
 [0 0 0 0 1 0 0 2 0 0 0 0 0 1 1 0 0 1 0 0 0 0 0 0 0 0 2 0 0 1]
 [0 0 0 0 0 0 0 0 1 0 1 0 0 0 0 0 0 0 0 0 0 0 1 1 0 3 0 3 0 0]
 [0 0 0 0 1 0 0 0 0 0 0 0 1 0 0 0 0 1 0 0 1 0 0 0 2 1 1 0 0 0]
 [0 1 0 0 0 0 0 0 1 0 0 0 0 0 0 0 0 2 0 0 0 0 0 1 1 0 0 0 1 1]
 [0 1 0 0 1 0 0 2 1 0 1 0 0 0 0 0 0 1 0 0 2 0 0 0 0 0 0 0 0 0]
 [0 0 0 0 0 1 0 0 0 1 1 0 0 0 0 0 0 0 0 0 1 0 0 4 2 0 1 0 0 0]
 [0 1 0 0 0 1 0 1 0 0 2 0 1 0 0 0 0 0 0 0 1 0 0 1 0 0 0 0 2 0]
 [0 0 0 0 1 0 0 0 0 0 1 0 4 0 0 0 2 1 0 0 0 0 0 1 0 0 0 1 0 0]
 [0 0 0 1 1 0 0 0 1 0 0 0 1 2 0 0 0 1 0 0 0 1 0 0 0 0 0 0 1 0]
 [0 0 0 0 0 1 0 0 0 0 1 0 0 0 1 0 1 0 0 0 1 0 0 1 0 0 0 0 2 1]
 [1 0 0 0 1 0 0 0 0 0 1 0 1 2 1 0 0 0 0 0 0 0 0 1 0 0 0 0 2 0]
 [0 0 1 0 0 0 0 0 1 0 0 0 0 2 0 0 0 0 0 0 0 0 0 2 0 0 0 0 1 0]
 [1 0 1 0 1 0 0 0 0 0 0 0 0 0 1 0 0 0 0 2 0 0 1 0 0 0 0 2 1 0]
 [0 0 0 0 0 0 0 0 1 1 1 0 1 1 0 0 0 0 0 0 0 0 0 0 0 0 0 0 0 2]
 [0 0 1 0 0 0 0 0 0 0 0 0 0 0 0 0 0 0 0 1 0 0 0 0 0 2 1 0 2 1]
 [0 1 0 0 3 0 0 1 0 0 1 0 1 0 0 0 0 0 0 0 1 0 0 0 0 0 0 0 0 2]
 [0 2 0 0 0 0 0 0 0 0 2 0 0 2 0 0 1 0 0 0 1 0 0 1 0 0 0 1 0 0]
 [0 1 0 1 0 1 1 0 0 1 0 0 1 1 0 0 0 1 0 0 1 0 0 0 0 0 0 0 0 0]
 [0 0 1 0 0 0 0 0 0 0 1 0 0 0 0 0 0 0 0 0 1 0 0 2 2 0 1 1 0 0]
 [2 0 0 1 1 1 0 0 0 1 1 0 1 0 0 0 0 0 0 1 0 0 0 0 0 1 1 1 0 0]
 [1 0 0 0 1 0 0 0 0 0 0 0 0 1 0 0 0 0 0 1 0 0 1 0 2 2 0 2 3 0]
 [0 1 1 0 0 0 0 0 0 0 1 1 0 1 0 2 0 1 0 0 0 0 0 0 0 0 3 1 2 0]
 [0 0 0 0 0 0 1 0 0 0 1 0 0 1 0 0 0 0 0 0 1 0 0 0 2 0 0 0 3 0]]
 
Classifier RF

C:\Users\Diego\PycharmProjects\MLEx3\venv\lib\site-packages\sklearn\ensemble\forest.py:246: FutureWarning: The default value of n_estimators will change from 10 in version 0.20 to 100 in 0.22.
  "10 in version 0.20 to 100 in 0.22.", FutureWarning)
Time to build model: 0.18320541478837526
Time to make predictions: 0.009688081743561838
Overall F1 score: 0.17808219178082194 
 
                        Per class F1 score: 
 [0.22222222 0.11111111 0.11764706 0.23529412 0.15789474 0.42857143
 0.66666667 0.17391304 0.43478261 0.         0.11111111 0.31578947
 0.15384615 0.11111111 0.5        0.         0.125      0.28571429
 0.         0.15384615 0.         0.15384615 0.         0.09090909
 0.         0.23529412 0.08333333 0.18181818 0.         0.        ]

                        Confusion Matrix: 
 [[2 0 0 0 0 0 0 0 0 0 0 0 1 0 0 0 0 0 0 0 0 0 0 0 1 1 0 0 1 1]
 [0 2 0 0 0 1 0 1 1 0 0 0 2 0 0 0 1 0 0 0 0 0 0 0 0 0 1 1 1 0]
 [0 1 1 0 2 0 0 0 0 0 0 2 0 1 0 0 0 0 0 0 1 1 0 0 0 0 0 0 0 0]
 [0 0 0 2 1 0 0 0 0 0 0 0 1 0 0 0 1 0 2 0 0 0 0 0 1 0 0 0 0 0]
 [0 1 2 1 3 0 0 2 0 0 1 0 0 1 0 1 0 0 0 1 0 0 0 0 0 0 0 0 0 0]
 [0 0 0 0 0 6 1 0 1 0 0 0 0 0 0 0 0 0 1 0 0 0 0 1 1 0 0 0 0 0]
 [0 0 0 0 0 3 6 0 0 0 1 0 0 0 0 0 0 0 0 0 0 0 0 0 0 0 0 0 0 0]
 [0 1 1 0 2 0 0 2 0 0 0 0 0 0 1 0 0 1 0 0 0 0 0 1 0 0 0 0 0 0]
 [0 2 0 0 0 0 0 0 5 2 0 0 0 0 0 0 0 0 0 0 0 0 0 0 1 0 0 0 0 0]
 [0 2 0 2 0 1 0 0 0 0 0 0 2 0 0 0 0 0 0 0 0 0 0 0 1 0 0 0 0 0]
 [0 1 0 0 0 0 0 0 0 0 1 0 1 0 0 0 0 0 0 0 2 1 0 1 0 0 0 0 1 0]
 [0 2 0 0 0 0 0 1 0 0 0 3 0 0 0 1 0 0 0 0 0 1 1 0 0 0 0 0 0 0]
 [1 0 0 0 2 1 0 0 2 1 0 0 2 0 0 0 0 0 0 0 0 0 0 1 1 0 0 0 0 0]
 [0 1 0 0 0 0 0 3 0 0 1 0 0 1 0 0 1 0 1 0 0 0 1 1 0 0 0 0 0 0]
 [0 2 0 0 0 1 0 1 0 0 0 0 0 1 5 0 0 0 0 0 0 0 0 1 0 0 0 0 0 0]
 [0 0 2 0 5 0 0 0 0 0 0 1 0 0 0 0 0 0 0 0 0 0 1 0 0 0 0 0 0 0]
 [0 0 1 0 0 0 1 0 0 0 0 1 1 0 0 2 1 0 0 1 1 0 0 0 0 0 0 0 0 0]
 [0 0 0 0 2 0 0 0 0 0 1 0 0 0 0 2 0 2 0 0 1 0 1 0 0 0 0 1 0 0]
 [0 1 0 0 0 0 0 1 0 1 0 0 1 1 0 0 0 1 0 0 0 0 0 1 0 0 0 0 0 0]
 [2 0 0 0 1 0 0 1 0 0 0 1 1 0 0 0 0 0 1 1 0 0 2 0 0 0 0 0 0 0]
 [0 1 0 1 0 0 0 0 0 0 2 0 0 0 1 0 0 0 1 0 0 0 0 1 0 0 0 0 0 0]
 [0 1 0 1 1 0 0 1 0 0 1 0 0 0 0 0 0 0 0 0 0 1 0 0 0 1 1 0 0 0]
 [0 2 1 0 2 0 0 0 0 1 0 1 0 0 1 1 1 0 0 0 0 0 0 0 0 0 0 0 0 0]
 [0 1 0 0 1 0 0 1 0 0 0 0 0 2 1 0 1 0 1 0 0 0 1 1 0 0 0 0 0 0]
 [0 0 0 1 0 3 0 0 0 0 0 0 1 0 0 0 0 0 0 0 0 0 0 2 0 0 1 1 0 0]
 [1 2 0 0 0 0 0 0 0 0 0 0 0 0 0 0 0 0 0 0 0 0 0 0 0 2 2 1 1 0]
 [1 1 0 0 0 0 0 0 2 0 1 1 1 0 0 0 0 0 0 0 0 0 0 0 0 2 1 1 1 0]
 [2 0 0 0 2 0 0 0 2 1 0 0 0 0 0 0 0 0 0 0 0 0 1 0 0 1 2 2 1 0]
 [2 1 0 0 1 0 0 0 0 0 1 0 0 0 0 0 1 0 0 0 1 1 0 0 0 0 4 1 0 1]
 [0 0 0 1 0 1 0 0 0 0 0 0 1 1 0 0 0 0 0 0 1 0 0 1 0 1 0 0 2 0]]
 
Classifier mlp

Time to build model: 1.6947484472939607
Time to make predictions: 0.008810107354079832
Overall F1 score: 0.14383561643835616 
 
                        Per class F1 score: 
 [0.11764706 0.14814815 0.24       0.18181818 0.20689655 0.11111111
 0.28571429 0.14285714 0.18181818 0.17391304 0.11111111 0.
 0.18181818 0.         0.         0.         0.1        0.
 0.11111111 0.11764706 0.         0.33333333 0.         0.35294118
 0.125      0.125      0.1875     0.30769231 0.12121212 0.        ]

                        Confusion Matrix: 
 [[1 0 0 0 0 0 0 1 0 0 0 0 0 0 0 0 0 0 0 0 0 1 0 0 1 0 1 0 2 0]
 [0 2 0 0 0 0 0 0 1 0 1 0 1 0 1 0 0 0 0 0 1 0 0 0 0 1 2 1 0 0]
 [0 2 3 0 0 0 0 0 0 0 0 0 0 1 0 1 0 0 0 1 1 0 0 0 0 0 0 0 0 0]
 [1 1 0 1 0 0 0 0 1 0 0 1 0 0 0 0 1 0 1 0 0 0 0 0 0 0 0 0 1 0]
 [0 0 0 0 3 0 0 0 1 0 0 1 1 1 0 2 0 0 0 0 1 1 0 1 0 0 0 0 1 0]
 [0 0 0 0 1 1 1 0 0 0 0 0 0 0 1 0 0 0 3 0 0 0 0 0 0 1 2 0 0 1]
 [0 0 1 0 0 1 3 0 0 0 0 0 1 0 0 0 1 0 2 0 0 0 0 0 1 0 0 0 0 0]
 [0 0 0 0 1 0 1 1 0 0 0 0 0 1 0 0 0 1 0 1 2 0 0 0 0 0 0 0 1 0]
 [0 1 0 1 0 0 0 0 2 0 0 0 0 0 0 0 0 0 0 0 1 0 0 0 0 1 2 1 1 0]
 [1 0 1 1 0 0 0 0 0 2 0 0 1 1 0 0 1 0 0 0 0 0 0 0 0 0 0 0 0 0]
 [1 0 0 0 0 0 1 1 0 0 1 0 0 0 0 0 0 2 0 0 0 0 0 0 1 0 1 0 0 0]
 [1 0 1 0 0 0 1 0 0 0 0 0 1 1 0 0 0 1 0 0 1 1 0 0 0 0 1 0 0 0]
 [1 0 0 0 0 0 0 0 0 2 1 0 2 0 0 0 0 0 0 0 0 1 0 1 1 0 2 0 0 0]
 [0 0 0 0 1 0 0 0 0 1 1 0 0 0 0 0 2 0 1 0 2 0 1 0 0 1 0 0 0 0]
 [1 1 2 0 1 0 0 0 0 2 2 0 0 0 0 0 0 1 0 0 1 0 0 0 0 0 0 0 0 0]
 [0 0 2 0 4 0 0 0 0 0 0 1 0 0 1 0 0 0 0 1 0 0 0 0 0 0 0 0 0 0]
 [0 0 1 0 0 0 0 0 0 2 0 0 0 0 0 1 1 1 0 1 0 1 0 0 1 0 0 0 0 0]
 [0 1 0 0 4 0 0 0 1 1 0 0 0 0 0 0 2 0 0 0 0 0 0 0 0 0 0 0 1 0]
 [0 2 0 0 0 0 1 0 0 0 0 0 1 1 0 0 0 0 1 1 0 0 0 0 0 0 0 0 0 0]
 [0 2 2 0 0 0 0 0 0 0 0 0 0 0 0 4 1 0 0 1 0 0 0 0 0 0 0 0 0 0]
 [0 0 0 0 0 0 0 0 0 1 1 1 0 0 1 0 1 0 0 0 0 0 0 0 0 0 0 0 2 0]
 [0 0 1 0 0 0 0 0 0 0 0 0 0 0 1 0 0 0 0 0 0 3 0 0 0 0 1 0 1 1]
 [0 0 0 0 0 1 0 0 0 3 1 0 0 0 1 0 0 0 1 0 0 0 0 1 0 0 0 0 1 1]
 [0 1 0 0 0 0 2 0 0 0 1 0 0 0 0 0 0 0 0 0 0 0 0 3 0 0 0 0 2 1]
 [0 0 0 0 0 2 0 1 0 0 0 0 1 0 0 0 0 0 1 0 0 0 0 0 1 0 1 2 0 0]
 [0 0 0 0 0 1 0 0 1 0 1 0 0 0 0 0 0 1 0 0 0 0 0 0 0 1 2 0 2 0]
 [0 1 1 0 0 0 0 0 1 0 0 0 1 0 0 0 0 0 0 0 1 0 0 0 0 1 3 2 1 0]
 [0 1 0 0 0 0 0 0 3 0 0 0 0 0 0 0 0 0 1 0 0 1 0 0 1 1 1 4 1 0]
 [0 0 1 0 1 0 0 1 1 1 0 0 1 0 0 1 0 0 0 0 1 0 0 1 0 0 1 2 2 0]
 [3 1 0 0 0 1 1 0 0 0 0 0 0 0 0 0 1 0 0 1 0 1 0 0 0 0 0 0 0 0]]
 
Classifier SVM

C:\Users\Diego\PycharmProjects\MLEx3\venv\lib\site-packages\sklearn\svm\base.py:196: FutureWarning: The default value of gamma will change from 'auto' to 'scale' in version 0.22 to account better for unscaled features. Set gamma explicitly to 'auto' or 'scale' to avoid this warning.
  "avoid this warning.", FutureWarning)
Time to build model: 0.38947209063535126
C:\Users\Diego\PycharmProjects\MLEx3\venv\lib\site-packages\sklearn\metrics\classification.py:1143: UndefinedMetricWarning: F-score is ill-defined and being set to 0.0 in labels with no predicted samples.
  'precision', 'predicted', average, warn_for)
Time to make predictions: 0.09322822159508348
Overall F1 score: 0.04794520547945205 
 
                        Per class F1 score: 
 [0.         0.         0.         0.         0.         0.
 0.         0.         0.         0.         0.         0.
 0.         0.         0.         0.         0.         0.
 0.         0.         0.         0.         0.         0.
 0.         0.         0.         0.         0.09150327 0.        ]

                        Confusion Matrix: 
 [[ 0  0  0  0  0  0  0  0  0  0  0  0  0  0  0  0  0  0  0  0  0  0  0  0   0  0  0  0  7  0]
 [ 0  0  0  0  0  0  0  0  0  0  0  0  0  0  0  0  0  0  0  0  0  0  0  0   0  0  0  0 11  0]
 [ 0  0  0  0  0  0  0  0  0  0  0  0  0  0  0  0  0  0  0  0  0  0  0  0   0  0  0  0  9  0]
 [ 0  0  0  0  0  0  0  0  0  0  0  0  0  0  0  0  0  0  0  0  0  0  0  0   0  0  0  0  8  0]
 [ 0  0  0  0  0  0  0  0  0  0  0  0  0  0  0  0  0  0  0  0  0  0  0  0   0  0  0  0 13  0]
 [ 0  0  0  0  0  0  0  0  0  0  0  0  0  0  0  0  0  0  0  0  0  0  0  0   0  0  0  0 11  0]
 [ 0  0  0  0  0  0  0  0  0  0  0  0  0  0  0  0  0  0  0  0  0  0  0  0   0  0  0  0 10  0]
 [ 0  0  0  0  0  0  0  0  0  0  0  0  0  0  0  0  0  0  0  0  0  0  0  0   0  0  0  0  9  0]
 [ 0  0  0  0  0  0  0  0  0  0  0  0  0  0  0  0  0  0  0  0  0  0  0  0   0  0  0  0 10  0]
 [ 0  0  0  0  0  0  0  0  0  0  0  0  0  0  0  0  0  0  0  0  0  0  0  0   0  0  0  0  8  0]
 [ 0  0  0  0  0  0  0  0  0  0  0  0  0  0  0  0  0  0  0  0  0  0  0  0   0  0  0  0  8  0]
 [ 0  0  0  0  0  0  0  0  0  0  0  0  0  0  0  0  0  0  0  0  0  0  0  0   0  0  0  0  9  0]
 [ 0  0  0  0  0  0  0  0  0  0  0  0  0  0  0  0  0  0  0  0  0  0  0  0   0  0  0  0 11  0]
 [ 0  0  0  0  0  0  0  0  0  0  0  0  0  0  0  0  0  0  0  0  0  0  0  0   0  0  0  0 10  0]
 [ 0  0  0  0  0  0  0  0  0  0  0  0  0  0  0  0  0  0  0  0  0  0  0  0   0  0  0  0 11  0]
 [ 0  0  0  0  0  0  0  0  0  0  0  0  0  0  0  0  0  0  0  0  0  0  0  0   0  0  0  0  9  0]
 [ 0  0  0  0  0  0  0  0  0  0  0  0  0  0  0  0  0  0  0  0  0  0  0  0   0  0  0  0  9  0]
 [ 0  0  0  0  0  0  0  0  0  0  0  0  0  0  0  0  0  0  0  0  0  0  0  0   0  0  0  0 10  0]
 [ 0  0  0  0  0  0  0  0  0  0  0  0  0  0  0  0  0  0  0  0  0  0  0  0   0  0  0  0  7  0]
 [ 0  0  0  0  0  0  0  0  0  0  0  0  0  0  0  0  0  0  0  0  0  0  0  0   0  0  0  0 10  0]
 [ 0  0  0  0  0  0  0  0  0  0  0  0  0  0  0  0  0  0  0  0  0  0  0  0   0  0  0  0  7  0]
 [ 0  0  0  0  0  0  0  0  0  0  0  0  0  0  0  0  0  0  0  0  0  0  0  0   0  0  0  0  8  0]
 [ 0  0  0  0  0  0  0  0  0  0  0  0  0  0  0  0  0  0  0  0  0  0  0  0   0  0  0  0 10  0]
 [ 0  0  0  0  0  0  0  0  0  0  0  0  0  0  0  0  0  0  0  0  0  0  0  0   0  0  0  0 10  0]
 [ 0  0  0  0  0  0  0  0  0  0  0  0  0  0  0  0  0  0  0  0  0  0  0  0   0  0  0  0  9  0]
 [ 0  0  0  0  0  0  0  0  0  0  0  0  0  0  0  0  0  0  0  0  0  0  0  0   0  0  0  0  9  0]
 [ 0  0  0  0  0  0  0  0  0  0  0  0  0  0  0  0  0  0  0  0  0  0  0  0   0  0  0  0 12  0]
 [ 0  0  0  0  0  0  0  0  0  0  0  0  0  0  0  0  0  0  0  0  0  0  0  0   0  0  0  0 14  0]
 [ 0  0  0  0  0  0  0  0  0  0  0  0  0  0  0  0  0  0  0  0  0  0  0  0   0  0  0  0 14  0]
 [ 0  0  0  0  0  0  0  0  0  0  0  0  0  0  0  0  0  0  0  0  0  0  0  0   0  0  0  0  9  0]]
 
 Set 1: 

Classifier Knn

Time to build model: 0.08135097721158502
Time to make predictions: 0.2086209130677048
C:\Users\Diego\PycharmProjects\MLEx3\venv\lib\site-packages\sklearn\metrics\classification.py:1143: UndefinedMetricWarning: F-score is ill-defined and being set to 0.0 in labels with no predicted samples.
Overall F1 score: 0.1404109589041096 
  'precision', 'predicted', average, warn_for)
 
                        Per class F1 score: 
 [0.18181818 0.17391304 0.125      0.         0.15384615 0.33333333
 0.5        0.23529412 0.19047619 0.30769231 0.         0.18181818
 0.         0.07407407 0.11764706 0.         0.5        0.06451613
 0.         0.33333333 0.13333333 0.         0.13333333 0.
 0.         0.08695652 0.16       0.05714286 0.23529412 0.        ]

                        Confusion Matrix: 
 [[2 0 0 0 0 0 0 0 0 0 0 0 1 0 0 0 0 0 0 0 0 0 0 0 0 1 1 1 1 0]
 [0 2 0 0 1 1 0 1 0 0 0 0 0 1 0 0 0 0 0 0 0 0 1 1 0 1 0 2 0 0]
 [0 0 1 0 1 0 0 0 0 0 0 0 0 1 0 0 0 4 0 0 1 0 0 0 0 1 0 0 0 0]
 [0 1 0 0 1 0 0 0 1 0 0 0 0 0 0 0 0 1 0 0 1 0 0 2 0 0 0 0 1 0]
 [1 0 1 1 2 0 0 0 0 0 0 1 0 2 0 0 0 1 0 1 0 0 0 2 0 0 0 1 0 0]
 [0 0 0 0 0 4 1 0 0 0 0 0 0 0 0 0 0 1 1 0 0 0 0 0 1 0 1 0 2 0]
 [0 0 0 0 0 2 4 0 0 0 0 0 2 0 0 0 0 0 0 0 0 0 0 2 0 0 0 0 0 0]
 [0 1 1 0 1 0 0 2 0 0 1 0 0 2 0 0 0 1 0 0 0 0 0 0 0 0 0 0 0 0]
 [1 0 0 0 0 0 0 0 2 1 0 0 1 0 0 0 0 0 0 0 0 0 1 2 0 0 0 2 0 0]
 [0 0 0 0 0 0 0 0 0 2 0 0 1 0 0 0 0 1 0 0 2 0 0 0 1 1 0 0 0 0]
 [0 0 0 0 0 0 0 0 0 0 0 0 0 0 0 0 0 1 0 0 1 1 0 2 0 0 0 2 1 0]
 [0 0 1 0 1 0 0 0 0 0 0 1 0 0 0 1 0 3 0 0 0 1 0 1 0 0 0 0 0 0]
 [0 0 0 0 0 2 0 0 0 1 0 0 0 0 0 0 0 0 0 0 0 0 0 4 2 0 2 0 0 0]
 [0 0 0 0 0 0 0 2 0 0 2 0 1 1 2 0 0 0 0 0 0 0 0 1 0 0 0 0 1 0]
 [0 0 0 0 1 0 0 0 0 0 1 0 2 1 1 0 0 1 0 0 0 0 0 2 0 0 0 2 0 0]
 [1 0 0 1 0 0 0 0 1 0 0 0 1 1 0 0 0 1 0 1 0 0 0 2 0 0 0 0 0 0]
 [0 0 0 0 0 1 0 1 0 1 1 0 0 1 0 0 3 0 0 0 0 0 0 1 0 0 0 0 0 0]
 [2 0 1 1 0 0 0 0 0 0 0 0 0 0 1 0 0 1 0 1 0 0 0 1 0 0 0 0 2 0]
 [0 1 0 0 0 0 0 0 1 0 0 0 0 0 0 0 0 1 0 0 0 0 1 3 0 0 0 0 0 0]
 [1 1 0 0 1 0 0 1 0 0 1 0 0 0 1 0 0 0 0 3 0 0 0 0 0 0 0 0 1 0]
 [0 0 0 0 1 0 0 0 2 0 1 0 0 1 0 0 0 0 0 0 1 0 0 1 0 0 0 0 0 0]
 [0 1 0 0 0 0 0 0 0 0 0 0 0 1 0 0 0 0 0 0 0 0 0 0 0 2 1 2 1 0]
 [0 2 0 0 2 0 0 1 0 0 0 0 0 0 0 0 0 1 0 0 0 0 1 2 0 0 1 0 0 0]
 [0 1 0 0 0 1 0 0 0 0 1 0 0 3 0 0 0 1 1 1 0 0 0 0 0 0 0 0 1 0]
 [0 0 0 0 0 0 1 0 0 0 0 0 1 1 0 0 0 2 0 0 0 0 0 0 0 0 1 2 1 0]
 [1 1 0 0 0 0 0 0 0 0 0 0 0 0 0 0 0 0 0 0 1 0 0 2 0 1 0 3 0 0]
 [2 0 0 0 1 0 0 0 1 0 0 0 0 0 0 0 0 0 0 0 0 0 0 1 0 3 2 2 0 0]
 [2 0 0 0 0 0 0 0 2 0 0 0 0 1 0 0 0 0 0 0 0 0 1 1 0 2 1 1 3 0]
 [1 1 1 0 0 0 0 0 1 0 0 0 0 0 0 0 0 0 0 1 0 0 0 0 0 2 2 1 4 0]
 [1 0 1 0 0 2 0 0 0 0 1 0 0 0 1 0 0 0 0 0 1 0 0 0 0 0 1 0 1 0]]
 
Classifier RF

Time to build model: 0.162243081300943
Time to make predictions: 0.023843868527080758
Overall F1 score: 0.3321917808219178 
 
                        Per class F1 score: 
 [0.13333333 0.         0.13333333 0.31578947 0.53333333 0.42857143
 0.31578947 0.42105263 0.17391304 0.42857143 0.18181818 0.22222222
 0.0952381  0.54545455 0.42857143 0.4        0.30769231 0.33333333
 0.28571429 0.5        0.14285714 0.4        0.125      0.57142857
 0.125      0.3        0.34782609 0.42857143 0.5        0.5       ]

                        Confusion Matrix: 
 [[1 0 0 0 0 0 0 0 1 1 0 0 0 0 0 0 0 0 0 0 0 0 0 0 0 1 0 2 1 0]
 [0 0 0 0 0 0 0 0 1 0 0 0 1 0 0 1 1 1 0 0 0 0 0 0 2 2 0 1 1 0]
 [0 1 1 0 0 0 0 1 0 0 0 3 1 0 0 0 0 0 0 1 0 0 0 1 0 0 0 0 0 0]
 [0 0 0 3 0 1 0 1 0 0 0 0 1 0 0 1 0 0 0 0 1 0 0 0 0 0 0 0 0 0]
 [0 0 0 0 8 0 0 0 0 0 0 0 0 0 1 1 0 1 0 0 0 0 2 0 0 0 0 0 0 0]
 [0 0 0 1 0 6 2 0 0 0 0 0 1 1 0 0 0 0 0 0 0 0 0 0 0 0 0 0 0 0]
 [0 0 0 0 0 7 3 0 0 0 0 0 0 0 0 0 0 0 0 0 0 0 0 0 0 0 0 0 0 0]
 [0 1 0 0 1 0 0 4 0 0 0 0 0 0 1 0 0 0 0 1 1 0 0 0 0 0 0 0 0 0]
 [1 1 0 0 0 0 0 0 2 1 0 0 1 0 0 0 0 0 0 0 1 0 0 0 0 1 0 2 0 0]
 [0 0 0 0 0 0 1 0 0 3 0 0 0 0 0 0 0 0 1 0 0 0 0 0 3 0 0 0 0 0]
 [0 2 0 1 0 0 0 0 0 0 1 0 0 0 0 0 0 0 0 0 1 1 0 1 0 0 1 0 0 0]
 [0 2 0 0 0 0 0 0 0 0 0 2 0 0 0 0 0 1 0 1 0 2 0 0 0 0 1 0 0 0]
 [0 0 0 3 0 0 2 0 0 0 0 0 1 0 1 0 0 0 0 0 2 1 0 0 1 0 0 0 0 0]
 [0 1 0 0 0 0 0 2 0 0 0 0 0 6 1 0 0 0 0 0 0 0 0 0 0 0 0 0 0 0]
 [0 0 0 0 0 0 1 0 0 0 0 0 0 1 6 0 0 0 2 0 0 0 1 0 0 0 0 0 0 0]
 [0 0 1 0 3 0 0 0 0 0 0 0 0 0 0 3 0 0 0 1 0 0 1 0 0 0 0 0 0 0]
 [0 1 0 1 1 0 0 0 0 0 0 0 1 2 1 0 2 0 0 0 0 0 0 0 0 0 0 0 0 0]
 [0 2 0 0 2 0 0 0 0 0 0 0 1 0 0 0 0 3 0 0 0 0 1 0 0 0 0 1 0 0]
 [0 0 0 0 0 0 0 1 0 0 0 0 1 0 3 0 0 0 2 0 0 0 0 0 0 0 0 0 0 0]
 [1 0 2 0 0 0 0 0 0 0 0 1 0 0 0 0 0 0 0 5 0 0 0 1 0 0 0 0 0 0]
 [0 0 0 0 0 0 0 0 0 1 1 0 0 0 0 0 0 1 0 0 1 0 0 2 0 0 0 0 1 0]
 [0 2 0 0 0 0 0 0 0 0 0 1 0 0 0 0 0 0 0 0 0 3 0 0 0 0 1 0 1 0]
 [0 0 1 0 2 0 0 1 0 0 0 1 0 1 1 0 0 1 0 0 0 0 1 0 0 1 0 0 0 0]
 [0 0 0 1 0 0 0 0 0 0 0 0 0 1 2 0 0 0 0 0 0 0 0 6 0 0 0 0 0 0]
 [0 0 0 1 0 2 0 0 1 0 0 0 1 0 0 0 1 0 1 0 0 0 0 0 1 0 1 0 0 0]
 [1 2 0 0 0 0 0 0 0 0 1 0 0 0 0 0 0 0 0 0 0 0 0 0 0 3 1 0 1 0]
 [1 2 0 0 0 0 0 0 3 0 0 0 0 0 0 0 0 0 0 0 0 0 0 0 0 1 4 1 0 0]
 [3 0 0 0 0 0 0 0 1 0 0 0 0 0 0 0 0 0 0 1 0 0 0 0 0 1 1 6 1 0]
 [0 0 0 0 0 0 0 0 4 0 0 0 0 0 0 0 0 0 0 0 0 0 0 0 0 1 1 1 7 0]
 [0 1 1 0 0 1 0 0 0 0 0 1 0 0 0 0 0 0 1 0 0 0 0 0 0 0 0 0 1 3]]
 
Classifier MLP

Time to build model: 5.150355573212934
Time to make predictions: 0.04032780561570348
Overall F1 score: 0.2191780821917808 
 
                        Per class F1 score: 
 [0.2        0.1        0.         0.13333333 0.25       0.51851852
 0.58823529 0.16666667 0.42857143 0.58823529 0.10526316 0.125
 0.15384615 0.19047619 0.         0.2        0.16666667 0.0952381
 0.14285714 0.33333333 0.         0.13333333 0.21052632 0.2
 0.33333333 0.2962963  0.23076923 0.         0.27586207 0.09090909]

                        Confusion Matrix: 
 [[1 0 0 0 0 0 0 0 1 0 0 0 1 0 1 0 0 0 0 0 0 0 0 0 1 0 0 0 2 0]
 [0 1 0 0 0 0 0 0 2 0 0 1 1 0 0 0 0 1 1 0 0 0 1 0 0 2 0 1 0 0]
 [0 0 0 0 0 0 0 0 0 1 0 1 1 1 1 2 0 0 0 0 0 0 0 0 0 0 1 0 1 0]
 [0 0 0 1 0 2 0 1 0 0 0 0 1 0 0 1 0 0 1 1 0 0 0 0 0 0 0 0 0 0]
 [0 0 1 0 3 0 0 0 0 1 0 0 0 0 0 0 0 2 0 1 1 1 1 0 0 1 0 0 0 1]
 [0 0 0 1 0 7 0 0 0 0 0 0 0 1 0 0 0 0 0 0 0 0 0 0 0 0 1 0 1 0]
 [0 0 0 0 0 2 5 0 0 0 0 0 0 0 0 0 0 0 0 0 0 1 0 0 0 0 1 0 0 1]
 [0 1 0 0 0 0 0 1 0 0 2 2 0 0 1 1 0 0 0 0 0 0 0 0 0 0 0 1 0 0]
 [0 0 0 0 1 0 0 0 6 0 0 0 0 0 0 0 0 0 0 0 0 0 0 0 0 1 1 1 0 0]
 [0 0 0 0 0 0 0 0 0 5 0 0 1 0 0 0 0 1 0 0 0 0 0 1 0 0 0 0 0 0]
 [0 0 0 0 0 0 0 0 0 0 1 0 0 0 0 0 0 1 0 1 0 0 1 0 2 0 0 2 0 0]
 [0 0 1 2 0 0 0 0 0 0 1 1 0 0 0 1 0 0 0 1 0 2 0 0 0 0 0 0 0 0]
 [0 0 0 1 0 1 1 0 2 0 0 0 2 1 0 0 0 1 0 0 0 0 1 0 0 0 1 0 0 0]
 [0 1 1 1 1 0 0 0 1 0 0 0 1 2 1 0 1 0 0 0 0 0 0 0 0 0 0 0 0 0]
 [0 2 1 0 0 0 0 0 0 0 0 0 1 1 0 0 1 0 0 0 0 0 2 0 0 0 0 1 0 2]
 [0 0 1 0 3 0 0 0 0 0 0 0 0 0 0 2 0 1 0 0 0 0 0 0 1 1 0 0 0 0]
 [0 0 1 0 0 0 0 0 0 0 0 0 0 2 0 0 1 0 1 0 0 0 0 1 0 0 0 0 0 3]
 [0 0 0 0 0 1 0 0 1 0 1 0 1 0 0 1 0 1 0 1 0 0 1 0 0 1 0 1 0 0]
 [0 0 1 0 0 0 0 0 0 0 1 0 0 1 0 0 0 0 1 0 0 0 0 1 0 0 0 0 0 2]
 [0 0 1 0 1 0 0 0 0 0 0 0 0 0 0 2 0 1 0 3 0 1 0 0 0 0 0 0 1 0]
 [0 0 0 0 0 0 0 0 0 0 2 0 0 0 0 0 0 0 0 0 0 0 0 3 1 0 0 0 1 0]
 [0 0 1 0 0 1 0 0 0 0 0 0 0 0 0 0 0 0 0 0 1 1 0 1 0 0 1 0 1 1]
 [0 0 0 0 2 0 0 0 0 1 1 0 1 1 0 0 0 0 0 0 1 0 2 0 1 0 0 0 0 0]
 [0 1 0 1 0 0 0 0 0 1 1 0 0 0 0 1 0 0 1 0 0 0 0 2 0 1 0 1 0 0]
 [0 0 0 0 0 1 0 0 0 0 0 0 1 0 0 0 0 0 1 0 0 0 0 0 3 2 1 0 0 0]
 [0 1 0 0 0 0 0 0 0 0 0 0 1 1 0 0 0 1 0 0 1 0 0 0 0 4 0 0 0 0]
 [0 1 0 0 0 0 0 0 2 0 0 0 0 0 0 0 0 0 0 0 1 0 0 0 0 2 3 0 2 1]
 [0 0 0 0 0 0 0 1 2 0 0 0 1 0 0 0 0 1 0 0 0 0 0 1 0 2 3 0 2 1]
 [0 1 0 0 0 0 0 0 0 0 1 2 1 0 1 0 0 0 0 0 0 1 0 0 0 0 1 2 4 0]
 [2 0 0 0 0 1 1 0 1 0 0 0 0 0 0 0 0 0 1 0 0 0 0 0 0 1 0 1 0 1]]
 
Classifier SVM

C:\Users\Diego\PycharmProjects\MLEx3\venv\lib\site-packages\sklearn\svm\base.py:196: FutureWarning: The default value of gamma will change from 'auto' to 'scale' in version 0.22 to account better for unscaled features. Set gamma explicitly to 'auto' or 'scale' to avoid this warning.
  "avoid this warning.", FutureWarning)
Time to build model: 1.1823565208949844
Time to make predictions: 0.2451006848029209
C:\Users\Diego\PycharmProjects\MLEx3\venv\lib\site-packages\sklearn\metrics\classification.py:1143: UndefinedMetricWarning: F-score is ill-defined and being set to 0.0 in labels with no predicted samples.
Overall F1 score: 0.04794520547945205 
  'precision', 'predicted', average, warn_for)
 
                        Per class F1 score: 
 [0.         0.         0.         0.         0.         0.
 0.         0.         0.         0.         0.         0.
 0.         0.         0.         0.         0.         0.
 0.         0.         0.         0.         0.         0.
 0.         0.         0.         0.         0.09150327 0.        ]

                        Confusion Matrix: 
 [[ 0  0  0  0  0  0  0  0  0  0  0  0  0  0  0  0  0  0  0  0  0  0  0  0   0  0  0  0  7  0]
 [ 0  0  0  0  0  0  0  0  0  0  0  0  0  0  0  0  0  0  0  0  0  0  0  0   0  0  0  0 11  0]
 [ 0  0  0  0  0  0  0  0  0  0  0  0  0  0  0  0  0  0  0  0  0  0  0  0   0  0  0  0  9  0]
 [ 0  0  0  0  0  0  0  0  0  0  0  0  0  0  0  0  0  0  0  0  0  0  0  0   0  0  0  0  8  0]
 [ 0  0  0  0  0  0  0  0  0  0  0  0  0  0  0  0  0  0  0  0  0  0  0  0   0  0  0  0 13  0]
 [ 0  0  0  0  0  0  0  0  0  0  0  0  0  0  0  0  0  0  0  0  0  0  0  0   0  0  0  0 11  0]
 [ 0  0  0  0  0  0  0  0  0  0  0  0  0  0  0  0  0  0  0  0  0  0  0  0   0  0  0  0 10  0]
 [ 0  0  0  0  0  0  0  0  0  0  0  0  0  0  0  0  0  0  0  0  0  0  0  0   0  0  0  0  9  0]
 [ 0  0  0  0  0  0  0  0  0  0  0  0  0  0  0  0  0  0  0  0  0  0  0  0   0  0  0  0 10  0]
 [ 0  0  0  0  0  0  0  0  0  0  0  0  0  0  0  0  0  0  0  0  0  0  0  0   0  0  0  0  8  0]
 [ 0  0  0  0  0  0  0  0  0  0  0  0  0  0  0  0  0  0  0  0  0  0  0  0   0  0  0  0  8  0]
 [ 0  0  0  0  0  0  0  0  0  0  0  0  0  0  0  0  0  0  0  0  0  0  0  0   0  0  0  0  9  0]
 [ 0  0  0  0  0  0  0  0  0  0  0  0  0  0  0  0  0  0  0  0  0  0  0  0   0  0  0  0 11  0]
 [ 0  0  0  0  0  0  0  0  0  0  0  0  0  0  0  0  0  0  0  0  0  0  0  0   0  0  0  0 10  0]
 [ 0  0  0  0  0  0  0  0  0  0  0  0  0  0  0  0  0  0  0  0  0  0  0  0   0  0  0  0 11  0]
 [ 0  0  0  0  0  0  0  0  0  0  0  0  0  0  0  0  0  0  0  0  0  0  0  0   0  0  0  0  9  0]
 [ 0  0  0  0  0  0  0  0  0  0  0  0  0  0  0  0  0  0  0  0  0  0  0  0   0  0  0  0  9  0]
 [ 0  0  0  0  0  0  0  0  0  0  0  0  0  0  0  0  0  0  0  0  0  0  0  0   0  0  0  0 10  0]
 [ 0  0  0  0  0  0  0  0  0  0  0  0  0  0  0  0  0  0  0  0  0  0  0  0   0  0  0  0  7  0]
 [ 0  0  0  0  0  0  0  0  0  0  0  0  0  0  0  0  0  0  0  0  0  0  0  0   0  0  0  0 10  0]
 [ 0  0  0  0  0  0  0  0  0  0  0  0  0  0  0  0  0  0  0  0  0  0  0  0   0  0  0  0  7  0]
 [ 0  0  0  0  0  0  0  0  0  0  0  0  0  0  0  0  0  0  0  0  0  0  0  0   0  0  0  0  8  0]
 [ 0  0  0  0  0  0  0  0  0  0  0  0  0  0  0  0  0  0  0  0  0  0  0  0   0  0  0  0 10  0]
 [ 0  0  0  0  0  0  0  0  0  0  0  0  0  0  0  0  0  0  0  0  0  0  0  0   0  0  0  0 10  0]
 [ 0  0  0  0  0  0  0  0  0  0  0  0  0  0  0  0  0  0  0  0  0  0  0  0   0  0  0  0  9  0]
 [ 0  0  0  0  0  0  0  0  0  0  0  0  0  0  0  0  0  0  0  0  0  0  0  0   0  0  0  0  9  0]
 [ 0  0  0  0  0  0  0  0  0  0  0  0  0  0  0  0  0  0  0  0  0  0  0  0   0  0  0  0 12  0]
 [ 0  0  0  0  0  0  0  0  0  0  0  0  0  0  0  0  0  0  0  0  0  0  0  0   0  0  0  0 14  0]
 [ 0  0  0  0  0  0  0  0  0  0  0  0  0  0  0  0  0  0  0  0  0  0  0  0   0  0  0  0 14  0]
 [ 0  0  0  0  0  0  0  0  0  0  0  0  0  0  0  0  0  0  0  0  0  0  0  0   0  0  0  0  9  0]]
 
Set 2: 

Classifier Knn

Time to build model: 0.023819064574524873
Time to make predictions: 0.10746953924947888
Overall F1 score: 0.17123287671232876 
 
                        Per class F1 score: 
 [0.2        0.11764706 0.         0.         0.27272727 0.35714286
 0.53333333 0.31578947 0.13793103 0.26666667 0.         0.2
 0.         0.24       0.26666667 0.         0.5        0.06666667
 0.23529412 0.58823529 0.         0.33333333 0.11764706 0.03921569
 0.         0.         0.1        0.1        0.25       0.        ]

                        Confusion Matrix: 
 [[2 0 0 0 0 0 0 0 1 0 1 0 0 0 0 0 0 0 0 0 0 0 0 0 0 1 0 0 2 0]
 [1 1 0 0 1 0 0 0 0 0 0 0 0 1 0 0 0 0 1 0 0 0 1 1 0 2 0 2 0 0]
 [0 0 0 0 0 0 0 1 0 0 0 0 0 1 0 0 0 4 0 0 0 0 0 2 0 0 0 1 0 0]
 [0 0 1 0 0 0 0 0 1 0 0 0 1 0 0 0 0 2 0 0 0 0 0 2 0 0 0 0 1 0]
 [1 0 0 0 3 0 0 0 0 0 0 0 0 2 0 2 0 2 0 0 0 0 0 2 0 0 0 1 0 0]
 [0 0 0 0 0 5 1 0 0 0 0 0 0 0 0 0 0 0 0 0 0 0 0 0 2 0 1 0 2 0]
 [0 0 0 0 0 3 4 0 0 0 0 0 1 0 0 0 0 0 0 0 0 0 0 2 0 0 0 0 0 0]
 [0 1 0 0 0 0 0 3 0 0 0 0 0 0 0 0 0 1 2 0 0 0 0 2 0 0 0 0 0 0]
 [0 1 0 0 0 0 0 0 2 0 0 0 0 0 0 0 0 0 0 0 0 0 1 2 0 2 1 1 0 0]
 [0 0 0 0 0 0 0 0 1 2 0 0 0 0 0 0 0 1 0 0 3 0 0 0 0 0 0 1 0 0]
 [0 1 1 0 0 0 0 0 0 0 0 0 0 0 0 0 0 0 1 0 1 1 0 2 1 0 0 0 0 0]
 [0 0 1 0 1 0 0 0 1 0 0 1 0 0 0 0 0 2 0 0 0 1 0 0 0 0 0 0 1 1]
 [0 1 0 0 0 4 0 0 0 0 0 0 0 0 0 0 0 1 0 0 0 0 0 3 1 0 1 0 0 0]
 [0 0 0 0 0 0 0 1 0 0 1 0 1 3 1 0 0 1 0 0 0 0 0 1 0 0 0 1 0 0]
 [0 0 0 0 1 0 0 0 0 0 0 0 2 0 2 0 0 1 0 0 0 0 0 2 0 0 0 3 0 0]
 [1 0 0 1 0 0 0 0 1 0 0 0 0 1 1 0 0 0 0 1 0 0 0 3 0 0 0 0 0 0]
 [0 0 0 0 0 0 0 1 0 0 1 0 0 0 0 0 3 0 0 0 0 0 1 3 0 0 0 0 0 0]
 [0 0 1 0 1 0 0 0 2 0 0 0 1 1 0 0 0 1 1 1 0 0 0 1 0 0 0 0 0 0]
 [0 0 0 0 0 0 0 0 1 0 0 0 0 0 0 0 0 0 2 0 0 0 1 3 0 0 0 0 0 0]
 [0 0 0 0 0 0 0 1 0 0 0 0 0 0 0 0 0 0 0 5 0 0 0 1 0 0 0 2 1 0]
 [0 0 0 0 0 0 0 0 2 1 2 0 0 1 0 0 0 0 0 0 0 0 0 1 0 0 0 0 0 0]
 [0 0 0 0 0 0 0 0 0 0 0 0 0 1 0 0 0 0 0 0 0 2 0 0 0 1 0 2 2 0]
 [0 0 0 0 1 0 0 2 0 0 0 0 0 1 0 0 0 0 1 0 0 0 1 3 0 0 1 0 0 0]
 [1 0 0 0 0 0 0 0 0 2 0 0 0 1 0 0 0 1 2 0 0 0 0 1 0 0 0 2 0 0]
 [1 0 0 0 0 2 0 0 0 0 0 0 1 1 0 0 0 2 0 0 0 0 0 0 0 0 0 2 0 0]
 [1 1 0 0 0 0 0 0 1 0 0 0 0 0 0 0 0 0 0 0 2 0 0 2 0 0 0 1 1 0]
 [1 0 0 0 1 1 0 0 1 1 0 0 0 0 0 0 0 0 0 0 0 0 1 0 0 2 1 1 2 0]
 [1 0 0 0 0 0 0 0 3 0 1 0 0 1 0 0 0 0 0 0 0 0 1 1 0 2 2 2 0 0]
 [2 0 0 0 0 0 0 1 2 1 0 0 0 0 0 0 0 0 0 0 0 0 0 0 0 0 1 3 4 0]
 [1 0 0 0 0 2 0 0 0 0 0 0 0 0 0 0 0 1 0 0 1 0 0 1 0 0 0 1 2 0]]
 
Classifier RF

Time to build model: 0.05525593616317792
Time to make predictions: 0.0040947904429486925
Overall F1 score: 0.42123287671232884 
 
                        Per class F1 score: 
 [0.14285714 0.12903226 0.33333333 0.34782609 0.64516129 0.51612903
 0.52631579 0.47619048 0.18181818 0.42857143 0.30769231 0.28571429
 0.33333333 0.125      0.48       0.75       0.57142857 0.14285714
 0.18181818 0.8        0.61538462 0.4        0.15384615 0.84210526
 0.125      0.69565217 0.2        0.4375     0.61538462 0.        ]

                        Confusion Matrix: 
 [[ 1  1  0  0  0  0  0  0  0  0  0  0  1  0  0  0  0  0  1  0  0  0  0  0   0  1  0  2  0  0]
 [ 0  2  0  0  0  0  0  1  0  1  0  0  0  0  0  0  1  0  0  0  0  0  0  0   3  1  2  0  0  0]
 [ 0  0  2  0  0  0  0  2  0  0  0  0  0  1  0  0  0  1  0  2  0  0  0  0   0  0  0  0  1  0]
 [ 0  0  0  4  1  0  0  0  1  0  0  0  1  0  0  0  0  0  0  0  0  0  0  1   0  0  0  0  0  0]
 [ 0  1  0  0 10  0  0  0  0  0  0  0  0  0  0  0  0  0  0  0  0  0  2  0   0  0  0  0  0  0]
 [ 0  0  0  0  0  8  1  0  1  0  0  0  0  1  0  0  0  0  0  0  0  0  0  0   0  0  0  0  0  0]
 [ 0  0  0  0  0  3  5  0  0  0  0  0  0  0  0  0  0  0  0  0  0  0  0  0   2  0  0  0  0  0]
 [ 0  0  0  1  0  0  0  5  0  1  0  0  0  0  2  0  0  0  0  0  0  0  0  0   0  0  0  0  0  0]
 [ 2  1  0  0  0  0  0  0  2  0  1  0  3  0  0  0  0  0  0  0  0  0  0  0   0  1  0  0  0  0]
 [ 0  0  0  1  0  3  1  0  0  3  0  0  0  0  0  0  0  0  0  0  0  0  0  0   0  0  0  0  0  0]
 [ 0  3  0  0  0  0  0  0  1  1  2  0  0  0  0  0  0  1  0  0  0  0  0  0   0  0  0  0  0  0]
 [ 0  2  1  0  0  0  0  0  0  0  0  2  0  0  0  0  0  0  0  2  1  1  0  0   0  0  0  0  0  0]
 [ 0  0  0  1  0  0  0  0  2  0  1  0  4  0  2  0  0  0  0  0  0  0  0  0   0  0  0  0  0  1]
 [ 0  2  0  0  0  1  0  0  0  0  0  1  1  1  1  0  2  0  0  1  0  0  0  0   0  0  0  0  0  0]
 [ 0  0  0  2  0  0  0  0  0  0  0  0  2  1  6  0  0  0  0  0  0  0  0  0   0  0  0  0  0  0]
 [ 0  0  0  0  3  0  0  0  0  0  0  0  0  0  0  6  0  0  0  0  0  0  0  0   0  0  0  0  0  0]
 [ 0  0  0  2  0  0  0  0  0  0  0  0  0  0  0  0  6  0  1  0  0  0  0  0   0  0  0  0  0  0]
 [ 0  1  0  0  1  1  0  1  0  0  0  0  0  0  0  0  0  1  0  0  0  2  0  0   0  0  1  1  1  0]
 [ 0  0  0  3  0  1  0  0  0  0  0  0  0  0  2  0  0  0  1  0  0  0  0  0   0  0  0  0  0  0]
 [ 0  0  0  0  0  0  0  0  0  0  0  0  0  0  0  0  0  0  0 10  0  0  0  0   0  0  0  0  0  0]
 [ 0  0  0  1  0  0  0  0  0  0  1  0  0  0  0  0  0  0  0  0  4  0  0  0   0  1  0  0  0  0]
 [ 0  3  0  0  0  0  0  0  0  0  0  0  0  0  0  0  0  0  0  0  0  3  0  0   0  1  0  0  1  0]
 [ 0  2  0  0  3  0  0  2  0  0  0  0  0  0  0  0  1  0  0  0  0  1  1  0   0  0  0  0  0  0]
 [ 0  0  0  0  0  0  0  0  0  0  0  0  0  0  1  0  0  0  1  0  0  0  0  8   0  0  0  0  0  0]
 [ 0  0  0  0  0  3  1  0  0  0  0  0  1  0  0  1  1  0  0  0  0  0  0  0   1  0  1  0  0  0]
 [ 0  0  0  0  0  0  0  0  0  0  0  0  0  0  0  0  0  0  0  0  1  0  0  0   0  8  0  0  0  0]
 [ 1  1  0  0  0  0  0  0  2  0  0  1  0  0  0  0  0  0  0  0  0  0  0  0   1  1  2  3  0  0]
 [ 2  0  0  0  0  0  0  0  2  0  0  0  0  0  0  0  0  0  0  0  0  0  0  0   0  0  2  7  1  0]
 [ 0  0  0  0  0  0  0  1  0  0  0  0  0  0  0  0  0  1  0  0  0  0  0  0   0  0  0  4  8  0]
 [ 1  1  0  0  0  0  1  0  1  0  0  1  0  2  0  0  1  0  0  0  0  0  0  0   0  0  0  1  0  0]]
 
Classifier MLP

Time to build model: 1.7567506308970877
Time to make predictions: 0.0047559440747875215
Overall F1 score: 0.25 
 
                        Per class F1 score: 
 [0.         0.         0.21052632 0.22222222 0.36363636 0.4
 0.55555556 0.4        0.47619048 0.58823529 0.         0.26666667
 0.21428571 0.27272727 0.14285714 0.125      0.23529412 0.1
 0.33333333 0.5        0.15384615 0.         0.08333333 0.
 0.125      0.42105263 0.38461538 0.14814815 0.25       0.0952381 ]

                        Confusion Matrix: 
 [[0 0 0 0 0 0 0 0 0 0 0 0 0 2 0 0 0 0 0 0 0 0 0 0 0 0 3 1 0 1]
 [0 0 0 1 0 0 0 1 1 0 0 0 3 0 0 1 0 0 0 0 0 1 1 0 0 1 0 0 1 0]
 [0 1 2 0 1 0 0 1 0 0 0 0 0 1 0 0 0 1 0 0 0 1 0 0 0 0 0 0 0 1]
 [0 1 0 2 0 2 0 0 0 0 0 0 0 0 0 0 0 0 1 1 1 0 0 0 0 0 0 0 0 0]
 [0 0 0 0 6 0 0 0 0 0 0 0 0 0 0 4 1 0 1 0 0 0 0 0 0 0 0 0 0 1]
 [0 0 0 0 0 5 0 1 0 0 0 0 0 0 0 0 0 1 1 0 0 0 0 0 0 0 0 2 0 1]
 [0 0 0 1 0 3 5 0 0 0 0 0 0 0 0 0 0 0 0 0 0 0 0 0 0 0 1 0 0 0]
 [0 0 1 0 0 1 0 4 0 1 1 0 0 0 0 0 1 0 0 0 0 0 0 0 0 0 0 0 0 0]
 [0 0 1 0 0 0 0 0 5 0 0 0 1 0 0 0 0 0 1 0 0 1 0 0 0 0 1 0 0 0]
 [0 0 0 0 0 0 0 0 0 5 0 0 0 0 0 0 0 0 0 0 0 1 0 0 0 0 1 1 0 0]
 [0 0 0 0 0 0 1 0 0 0 0 0 1 0 0 0 0 0 0 0 2 0 0 1 1 2 0 0 0 0]
 [1 1 0 0 0 1 0 0 0 0 0 2 0 0 0 1 0 1 1 0 0 0 0 0 0 0 0 1 0 0]
 [0 1 0 0 1 0 1 0 0 0 0 0 3 0 0 0 1 0 0 0 0 0 2 1 1 0 0 0 0 0]
 [0 1 0 1 0 0 0 0 0 0 1 1 0 3 0 0 2 0 0 0 0 0 1 0 0 0 0 0 0 0]
 [0 0 0 0 0 0 0 1 0 0 1 0 1 1 1 0 0 0 1 0 0 0 3 0 0 0 0 0 0 2]
 [0 1 1 0 4 0 0 0 0 0 0 0 0 0 0 1 0 0 0 1 0 0 0 0 0 0 0 0 0 1]
 [0 0 0 2 0 0 1 0 0 0 0 0 1 0 1 0 2 0 0 0 0 0 0 0 1 0 0 0 0 1]
 [0 1 0 0 2 1 0 0 0 0 0 0 0 1 0 0 0 1 0 1 0 0 2 1 0 0 0 0 0 0]
 [0 0 0 0 0 0 0 0 0 0 1 0 1 0 0 0 0 0 3 0 0 0 1 0 0 0 0 0 1 0]
 [0 0 2 0 0 0 0 1 0 0 0 1 0 0 0 0 0 1 0 5 0 0 0 0 0 0 0 0 0 0]
 [0 0 0 0 0 0 0 1 1 1 1 0 1 0 0 0 0 0 0 1 1 0 0 0 0 0 0 0 0 0]
 [0 1 1 0 0 0 0 0 0 0 0 0 1 0 0 0 0 2 0 0 0 0 2 0 0 0 0 0 1 0]
 [0 0 0 0 4 0 0 1 0 0 2 1 0 0 0 0 0 0 0 0 0 0 1 1 0 0 0 0 0 0]
 [0 0 0 0 2 0 0 0 0 0 0 0 1 1 0 0 0 1 2 0 2 0 0 0 0 1 0 0 0 0]
 [0 0 0 1 0 0 0 0 0 1 0 0 3 0 1 0 0 0 0 0 0 0 0 0 1 0 0 0 0 2]
 [0 0 2 0 0 0 0 0 1 0 0 0 0 0 0 0 0 0 0 0 0 0 0 0 1 4 0 0 1 0]
 [1 2 0 1 0 0 0 0 0 0 0 0 0 0 0 0 0 0 0 0 0 0 0 0 1 0 5 2 0 0]
 [0 1 0 1 0 0 0 0 2 1 0 0 0 0 0 0 0 0 0 0 0 0 0 0 1 2 2 2 2 0]
 [0 0 0 0 0 0 0 0 1 0 0 0 0 2 0 0 0 2 0 1 0 0 0 0 0 0 1 3 3 1]
 [0 1 0 0 0 1 0 0 0 0 0 1 0 1 0 0 1 0 0 0 0 0 1 0 0 0 0 1 1 1]]
 
Classifier SVM

C:\Users\Diego\PycharmProjects\MLEx3\venv\lib\site-packages\sklearn\svm\base.py:196: FutureWarning: The default value of gamma will change from 'auto' to 'scale' in version 0.22 to account better for unscaled features. Set gamma explicitly to 'auto' or 'scale' to avoid this warning.
  "avoid this warning.", FutureWarning)
Time to build model: 0.7051819305771545
Time to make predictions: 0.1452459589870898
C:\Users\Diego\PycharmProjects\MLEx3\venv\lib\site-packages\sklearn\metrics\classification.py:1143: UndefinedMetricWarning: F-score is ill-defined and being set to 0.0 in labels with no predicted samples.
  'precision', 'predicted', average, warn_for)
Overall F1 score: 0.04794520547945205 
 
                        Per class F1 score: 
 [0.         0.         0.         0.         0.         0.
 0.         0.         0.         0.         0.         0.
 0.         0.         0.         0.         0.         0.
 0.         0.         0.         0.         0.         0.
 0.         0.         0.         0.         0.09150327 0.        ]

                        Confusion Matrix: 
 [[ 0  0  0  0  0  0  0  0  0  0  0  0  0  0  0  0  0  0  0  0  0  0  0  0  0  0  0  0  7  0]
 [ 0  0  0  0  0  0  0  0  0  0  0  0  0  0  0  0  0  0  0  0  0  0  0  0  0  0  0  0 11  0]
 [ 0  0  0  0  0  0  0  0  0  0  0  0  0  0  0  0  0  0  0  0  0  0  0  0  0  0  0  0  9  0]
 [ 0  0  0  0  0  0  0  0  0  0  0  0  0  0  0  0  0  0  0  0  0  0  0  0  0  0  0  0  8  0]
 [ 0  0  0  0  0  0  0  0  0  0  0  0  0  0  0  0  0  0  0  0  0  0  0  0  0  0  0  0 13  0]
 [ 0  0  0  0  0  0  0  0  0  0  0  0  0  0  0  0  0  0  0  0  0  0  0  0  0  0  0  0 11  0]
 [ 0  0  0  0  0  0  0  0  0  0  0  0  0  0  0  0  0  0  0  0  0  0  0  0  0  0  0  0 10  0]
 [ 0  0  0  0  0  0  0  0  0  0  0  0  0  0  0  0  0  0  0  0  0  0  0  0  0  0  0  0  9  0]
 [ 0  0  0  0  0  0  0  0  0  0  0  0  0  0  0  0  0  0  0  0  0  0  0  0   0  0  0  0 10  0]
 [ 0  0  0  0  0  0  0  0  0  0  0  0  0  0  0  0  0  0  0  0  0  0  0  0   0  0  0  0  8  0]
 [ 0  0  0  0  0  0  0  0  0  0  0  0  0  0  0  0  0  0  0  0  0  0  0  0   0  0  0  0  8  0]
 [ 0  0  0  0  0  0  0  0  0  0  0  0  0  0  0  0  0  0  0  0  0  0  0  0   0  0  0  0  9  0]
 [ 0  0  0  0  0  0  0  0  0  0  0  0  0  0  0  0  0  0  0  0  0  0  0  0   0  0  0  0 11  0]
 [ 0  0  0  0  0  0  0  0  0  0  0  0  0  0  0  0  0  0  0  0  0  0  0  0   0  0  0  0 10  0]
 [ 0  0  0  0  0  0  0  0  0  0  0  0  0  0  0  0  0  0  0  0  0  0  0  0   0  0  0  0 11  0]
 [ 0  0  0  0  0  0  0  0  0  0  0  0  0  0  0  0  0  0  0  0  0  0  0  0   0  0  0  0  9  0]
 [ 0  0  0  0  0  0  0  0  0  0  0  0  0  0  0  0  0  0  0  0  0  0  0  0   0  0  0  0  9  0]
 [ 0  0  0  0  0  0  0  0  0  0  0  0  0  0  0  0  0  0  0  0  0  0  0  0   0  0  0  0 10  0]
 [ 0  0  0  0  0  0  0  0  0  0  0  0  0  0  0  0  0  0  0  0  0  0  0  0   0  0  0  0  7  0]
 [ 0  0  0  0  0  0  0  0  0  0  0  0  0  0  0  0  0  0  0  0  0  0  0  0  0  0  0  0 10  0]
 [ 0  0  0  0  0  0  0  0  0  0  0  0  0  0  0  0  0  0  0  0  0  0  0  0  0  0  0  0  7  0]
 [ 0  0  0  0  0  0  0  0  0  0  0  0  0  0  0  0  0  0  0  0  0  0  0  0  0  0  0  0  8  0]
 [ 0  0  0  0  0  0  0  0  0  0  0  0  0  0  0  0  0  0  0  0  0  0  0  0  0  0  0  0 10  0]
 [ 0  0  0  0  0  0  0  0  0  0  0  0  0  0  0  0  0  0  0  0  0  0  0  0  0  0  0  0 10  0]
 [ 0  0  0  0  0  0  0  0  0  0  0  0  0  0  0  0  0  0  0  0  0  0  0  0  0  0  0  0  9  0]
 [ 0  0  0  0  0  0  0  0  0  0  0  0  0  0  0  0  0  0  0  0  0  0  0  0  0  0  0  0  9  0]
 [ 0  0  0  0  0  0  0  0  0  0  0  0  0  0  0  0  0  0  0  0  0  0  0  0  0  0  0  0 12  0]
 [ 0  0  0  0  0  0  0  0  0  0  0  0  0  0  0  0  0  0  0  0  0  0  0  0  0  0  0  0 14  0]
 [ 0  0  0  0  0  0  0  0  0  0  0  0  0  0  0  0  0  0  0  0  0  0  0  0  0  0  0  0 14  0]
 [ 0  0  0  0  0  0  0  0  0  0  0  0  0  0  0  0  0  0  0  0  0  0  0  0  0  0  0  0  9  0]]

Traceback (most recent call last):
  File "C:/Users/Diego/PycharmProjects/MLEx3/main.py", line 121, in <module>
    Ex3ML.experimentVisualBagOfWords(fileNames, labels)
  File "C:/Users/Diego/PycharmProjects/MLEx3/main.py", line 107, in experimentVisualBagOfWords
    bag.run()
  File "C:\Users\Diego\PycharmProjects\MLEx3\util\classifiers\BagWords.py", line 21, in run
    self.getDescriptors()
  File "C:\Users\Diego\PycharmProjects\MLEx3\util\classifiers\BagWords.py", line 30, in getDescriptors
    sift = cv2.xfeatures2d.SIFT_create()
cv2.error: OpenCV(4.0.0) C:\projects\opencv-python\opencv_contrib\modules\xfeatures2d\src\sift.cpp:1207: error: (-213:The function/feature is not implemented) This algorithm is patented and is excluded in this configuration; Set OPENCV_ENABLE_NONFREE CMake option and rebuild the library in function 'cv::xfeatures2d::SIFT::create'


C:\Users\Diego\PycharmProjects\MLEx3\venv\Scripts\python.exe C:/Users/Diego/PycharmProjects/MLEx3/main.py
Found 971 files

Found the following classes: ['acerolas', 'apples', 'apricots', 'avocados', 'bananas', 'blackberries', 'blueberries', 'cantaloupes', 'cherries', 'coconuts', 'figs', 'grapefruits', 'grapes', 'guava', 'kiwifruit', 'lemons', 'limes', 'mangos', 'olives', 'oranges', 'passionfruit', 'peaches', 'pears', 'pineapples', 'plums', 'pomegranates', 'raspberries', 'strawberries', 'tomatoes', 'watermelons']
Transformed labels (first elements: [0 0 0 0 0 0 0 0 0 0 0 0 0 0 0 0 0 0 0 0 0 0 0 0 1 1 1 1 1 1 1 1 1 1 1 1 1
 1 1 1 1 1 1 1 1 1 1 1 1 1 1 1 1 1 1 1 1 1 1 1 1 1 2 2 2 2 2 2 2 2 2 2 2 2
 2 2 2 2 2 2 2 2 2 2 2 2 2 2 2 2 2 2 3 3 3 3 3 3 3 3 3 3 3 3 3 3 3 3 3 3 3
 3 3 3 3 3 3 3 4 4 4 4 4 4 4 4 4 4 4 4 4 4 4 4 4 4 4 4 4 4 4 4 4 4 4 4 4 4
 4 4]
... done label encoding
Extracting features using PIL.

Time to extract histogram features using PIL: 24.320907123310285
Set 0: 

Classifier Knn

Time to build model: 0.0654251290553951
Time to make predictions: 0.22829814522030034
Overall F1 score: 0.0958904109589041 
 
                        Per class F1 score: 
 [0.26666667 0.16       0.         0.         0.         0.2962963
 0.52631579 0.07407407 0.22222222 0.         0.         0.
 0.         0.         0.         0.         0.2        0.
 0.         0.15384615 0.         0.         0.         0.14285714
 0.         0.13333333 0.13793103 0.19354839 0.09756098 0.        ]
C:\Users\Diego\PycharmProjects\MLEx3\venv\lib\site-packages\sklearn\ensemble\forest.py:246: FutureWarning: The default value of n_estimators will change from 10 in version 0.20 to 100 in 0.22.

                        Confusion Matrix: 
  "10 in version 0.20 to 100 in 0.22.", FutureWarning)
 [[2 0 0 0 0 0 0 0 0 0 0 0 0 0 0 0 0 0 0 0 0 0 0 0 0 1 1 2 0 1]
 [0 2 0 0 3 1 0 1 0 0 0 0 0 1 0 0 1 0 0 0 0 0 1 0 0 0 1 0 0 0]
 [1 0 0 0 0 0 0 2 0 0 3 1 0 1 0 0 0 0 0 0 1 0 0 0 0 0 0 0 0 0]
 [0 2 1 0 1 0 0 0 0 0 0 0 0 0 0 0 0 0 0 0 2 0 0 0 0 0 0 1 1 0]
 [0 1 0 0 0 1 0 2 0 0 2 0 0 2 0 0 2 0 0 0 0 1 1 0 0 0 0 0 1 0]
 [1 0 0 0 0 4 1 0 0 0 0 0 1 0 0 0 0 0 0 0 1 0 0 0 0 0 1 1 1 0]
 [0 0 1 0 0 1 5 0 0 0 0 0 1 0 0 0 0 0 0 0 0 0 0 1 0 0 1 0 0 0]
 [0 0 0 0 1 0 0 1 0 0 1 0 1 1 1 0 0 1 0 0 0 0 0 0 0 0 1 0 0 1]
 [0 1 0 0 0 0 0 0 2 0 1 1 0 0 0 0 0 0 0 0 0 1 0 0 0 2 0 2 0 0]
 [0 0 0 0 1 0 0 2 0 0 0 0 0 0 0 0 0 1 1 0 1 0 0 0 1 0 1 0 0 0]
 [0 0 0 0 1 1 0 0 1 0 0 0 0 0 0 0 0 1 0 0 1 0 0 0 1 0 0 0 1 1]
 [0 1 2 0 0 0 0 1 1 0 1 0 0 0 0 0 0 0 0 0 1 1 0 0 0 0 1 0 0 0]
 [0 1 0 0 0 2 0 1 0 1 1 0 0 0 0 0 0 0 0 1 1 0 0 0 1 0 0 1 1 0]
 [0 2 0 0 0 1 0 1 0 0 2 0 0 0 1 0 0 0 0 0 0 0 0 0 0 0 1 0 2 0]
 [0 0 0 0 0 1 0 0 0 1 1 0 3 0 0 0 2 1 0 0 0 0 0 0 0 0 0 1 1 0]
 [0 0 0 0 0 0 0 0 1 1 0 0 1 1 0 0 1 1 0 0 0 1 0 0 1 0 0 0 1 0]
 [0 0 1 0 0 0 0 1 0 0 1 0 0 0 0 1 2 0 0 0 0 0 0 1 0 0 0 0 1 1]
 [2 0 1 0 1 1 0 1 0 0 0 0 0 1 1 0 0 0 0 0 0 0 0 0 0 0 0 0 2 0]
 [0 0 0 0 0 1 0 0 1 0 0 1 0 2 0 0 0 0 0 0 0 0 0 1 0 0 0 0 1 0]
 [0 0 0 0 1 0 0 0 0 0 0 0 0 3 1 0 0 0 0 1 0 0 0 0 0 0 1 1 2 0]
 [0 0 1 0 0 0 0 0 1 0 1 0 0 2 0 0 0 0 0 0 0 0 0 0 0 0 1 0 0 1]
 [0 0 1 0 0 0 0 1 0 0 0 0 0 1 0 0 0 1 0 1 0 0 0 0 0 0 1 0 2 0]
 [0 1 0 0 1 0 1 3 0 0 2 0 0 1 0 0 0 0 0 0 0 0 0 0 0 0 0 0 0 1]
 [0 3 0 0 0 1 0 0 0 0 1 0 0 0 1 0 1 1 0 0 1 0 0 1 0 0 0 0 0 0]
 [0 0 0 0 0 0 1 1 0 1 0 0 1 1 1 0 0 1 0 0 1 0 0 0 0 0 0 0 0 1]
 [0 0 1 0 0 0 0 0 0 0 1 0 0 0 0 0 0 1 0 0 1 0 0 0 0 1 1 2 0 1]
 [1 0 1 1 0 1 0 0 0 0 1 0 0 1 0 0 1 0 0 0 0 0 0 0 0 0 2 2 1 0]
 [1 0 0 0 0 0 0 0 0 1 0 0 0 0 0 0 1 0 0 0 0 0 1 0 1 2 0 3 4 0]
 [0 0 0 0 2 0 0 0 1 0 1 0 0 0 0 1 0 2 0 0 1 0 0 0 0 0 3 1 2 0]
 [0 0 0 0 0 0 1 0 0 0 0 0 1 1 0 0 0 0 0 0 2 0 0 0 1 0 0 0 3 0]]
 
Classifier RandomForest

Time to build model: 0.24686262074285992
Time to make predictions: 0.027749635745404788
Overall F1 score: 0.1917808219178082 
 
                        Per class F1 score: 
 [0.19047619 0.10526316 0.08695652 0.125      0.34482759 0.3125
 0.47619048 0.2        0.23076923 0.         0.         0.15384615
 0.0952381  0.28571429 0.34482759 0.44444444 0.22222222 0.
 0.         0.3        0.         0.         0.         0.22222222
 0.15384615 0.23529412 0.27272727 0.22222222 0.07692308 0.        ]

                        Confusion Matrix: 
 [[2 0 0 0 0 0 0 0 1 0 0 0 2 0 0 0 0 0 0 0 0 0 0 0 0 0 0 1 1 0]
 [1 2 0 0 0 0 0 0 2 0 0 0 0 0 0 0 2 0 0 1 0 0 0 0 1 0 0 1 1 0]
 [1 0 1 0 0 0 0 0 0 0 0 1 0 0 0 1 0 1 0 0 0 0 0 0 0 1 0 1 2 0]
 [0 0 1 1 0 0 0 0 1 1 0 0 0 0 1 0 1 0 1 0 0 0 0 1 0 0 0 0 0 0]
 [0 0 1 1 5 0 0 1 0 0 0 0 0 0 0 2 0 1 0 1 0 1 0 0 0 0 0 0 0 0]
 [0 0 0 1 0 5 3 0 0 0 0 0 1 0 0 0 0 0 1 0 0 0 0 0 0 0 0 0 0 0]
 [0 0 0 1 0 3 5 0 0 0 0 0 1 0 0 0 0 0 0 0 0 0 0 0 0 0 0 0 0 0]
 [0 2 0 0 2 0 0 2 0 0 1 0 0 1 1 0 0 0 0 0 0 0 0 0 0 0 0 0 0 0]
 [2 2 1 0 0 1 0 0 3 0 0 0 0 0 0 0 0 0 0 0 0 0 0 0 0 0 0 1 0 0]
 [0 0 0 0 0 1 1 0 0 0 1 0 2 0 0 0 0 1 1 0 0 0 0 0 0 0 0 0 0 1]
 [0 2 0 0 1 0 1 0 2 0 0 0 0 0 1 0 0 0 0 0 0 0 0 0 0 0 0 0 0 1]
 [0 2 0 0 0 0 0 2 0 0 2 1 0 0 0 1 0 0 0 1 0 0 0 0 0 0 0 0 0 0]
 [1 1 0 0 1 3 0 0 2 0 0 0 1 0 0 0 0 0 0 0 0 0 0 0 1 1 0 0 0 0]
 [0 2 0 0 1 1 0 1 0 0 0 0 0 2 0 0 2 0 0 0 0 0 0 0 0 0 0 1 0 0]
 [0 0 0 0 0 2 0 1 0 0 0 0 0 0 5 0 0 0 0 0 1 1 0 0 0 0 0 0 0 1]
 [0 0 0 0 2 0 0 0 0 0 0 0 0 0 0 4 1 0 0 2 0 0 0 0 0 0 0 0 0 0]
 [0 0 1 1 0 0 0 0 0 2 0 0 0 0 0 0 2 0 0 1 0 0 1 0 0 0 1 0 0 0]
 [0 2 3 0 1 0 0 2 0 0 0 0 0 0 0 1 0 0 0 0 0 0 0 0 0 0 0 0 1 0]
 [0 1 0 0 0 1 0 0 0 1 1 0 0 0 1 0 0 0 0 0 0 0 1 1 0 0 0 0 0 0]
 [0 1 3 0 0 0 0 0 0 0 0 1 0 0 0 0 0 1 0 3 0 1 0 0 0 0 0 0 0 0]
 [1 1 0 0 0 0 0 0 0 1 1 0 0 1 0 0 0 0 0 0 0 0 0 2 0 0 0 0 0 0]
 [0 1 1 0 0 0 0 1 0 0 0 0 0 0 1 0 0 1 0 0 0 0 0 0 0 0 1 0 2 0]
 [0 2 0 0 2 0 0 1 0 0 1 0 0 0 3 0 0 0 0 0 0 0 0 0 0 0 0 1 0 0]
 [0 1 1 1 0 0 0 0 0 0 0 0 0 0 4 0 0 0 1 0 0 0 0 2 0 0 0 0 0 0]
 [0 0 0 0 0 2 1 0 0 0 1 0 1 0 0 0 0 0 0 1 0 0 1 1 1 0 0 0 0 0]
 [0 2 0 0 0 0 0 0 0 0 0 0 0 0 1 0 0 0 0 0 0 0 0 0 1 2 1 1 1 0]
 [1 1 0 0 0 0 0 0 0 1 0 1 1 0 0 0 0 0 0 0 0 0 0 0 0 3 3 1 0 0]
 [1 1 0 1 0 0 0 0 4 0 0 0 0 0 0 0 0 0 0 0 0 0 0 0 0 1 1 3 2 0]
 [3 1 0 0 1 0 0 0 1 0 0 0 0 0 0 0 1 0 0 0 1 0 0 0 0 0 3 2 1 0]
 [1 0 1 1 0 2 0 0 0 0 1 0 1 0 0 0 0 0 0 0 0 0 0 1 0 0 0 0 1 0]]
 
Classifier MLP

Time to build model: 3.6135321812039933
Time to make predictions: 0.02245912372767478
Overall F1 score: 0.1267123287671233 
 
                        Per class F1 score: 
 [0.         0.08333333 0.21052632 0.11764706 0.14814815 0.27272727
 0.36363636 0.0952381  0.         0.46153846 0.2        0.11764706
 0.13793103 0.         0.21052632 0.14285714 0.11111111 0.
 0.         0.23529412 0.         0.         0.22222222 0.23529412
 0.         0.         0.20689655 0.11428571 0.09090909 0.        ]

                        Confusion Matrix: 
 [[0 0 1 0 0 0 0 0 1 0 0 0 0 0 0 0 1 0 0 0 0 0 0 0 2 2 0 0 0 0]
 [0 1 0 0 0 0 0 0 1 0 1 0 1 0 1 0 0 0 0 0 1 0 0 0 1 1 1 2 0 0]
 [0 1 2 0 1 0 0 0 1 0 0 0 0 0 0 0 0 0 0 0 1 0 1 0 1 0 0 0 0 1]
 [0 0 0 1 0 1 1 0 1 0 0 0 1 0 0 1 1 0 1 0 0 0 0 0 0 0 0 0 0 0]
 [0 1 0 1 2 0 0 1 0 0 0 0 0 1 0 2 0 0 1 0 1 2 0 0 0 0 0 1 0 0]
 [0 1 0 0 0 3 0 0 0 0 0 0 1 1 0 0 1 0 1 0 0 0 0 0 0 0 2 0 0 1]
 [0 0 0 0 0 0 4 1 0 0 0 0 2 0 0 0 0 0 1 0 0 0 0 0 0 0 1 0 1 0]
 [0 0 1 0 1 0 0 1 0 0 0 0 0 1 1 0 0 0 0 0 0 0 0 0 0 0 2 1 1 0]
 [0 0 0 0 2 0 0 0 0 0 0 1 1 0 0 0 0 0 0 0 1 1 0 2 0 0 0 2 0 0]
 [0 0 0 0 0 0 0 0 0 3 0 0 2 0 0 0 0 0 1 0 0 0 0 0 1 1 0 0 0 0]
 [0 0 1 0 0 0 0 0 0 0 1 1 0 0 1 0 0 1 0 0 0 0 0 0 0 1 1 0 1 0]
 [0 0 0 1 0 0 0 3 0 0 0 1 0 0 1 0 0 0 0 0 0 0 1 0 0 0 2 0 0 0]
 [1 0 0 0 0 2 1 0 0 0 0 1 2 0 0 0 0 0 0 0 0 1 0 2 0 0 0 0 0 1]
 [0 0 1 0 1 0 0 0 0 0 0 0 1 0 0 0 2 0 1 0 1 1 1 0 1 0 0 0 0 0]
 [0 0 0 0 0 1 0 0 0 0 0 0 2 0 2 0 0 1 1 0 2 0 0 1 0 0 0 0 1 0]
 [0 2 0 0 1 0 0 1 0 0 0 0 0 1 0 1 1 0 0 0 0 1 0 0 0 0 0 1 0 0]
 [1 0 1 0 0 0 0 1 1 0 0 0 0 0 0 0 1 0 0 0 0 0 1 0 1 0 0 1 0 1]
 [0 1 0 0 2 0 0 1 0 0 0 1 0 0 0 0 1 0 0 0 1 0 0 0 0 0 1 1 1 0]
 [0 1 0 1 0 1 0 0 0 0 0 0 1 1 0 0 0 0 0 0 0 0 0 0 1 0 0 0 1 0]
 [0 0 0 0 2 0 0 0 0 0 0 0 0 0 0 1 0 0 1 2 0 0 1 0 1 0 0 2 0 0]
 [0 0 0 0 0 0 1 0 0 0 0 0 1 1 0 0 0 0 0 1 0 0 1 0 1 1 0 0 0 0]
 [1 1 0 1 0 0 1 1 0 0 0 0 0 0 0 0 0 0 0 1 0 0 0 0 0 0 0 1 0 1]
 [0 0 1 0 0 0 0 1 0 0 0 1 0 1 0 0 0 0 1 0 1 0 2 0 0 0 0 1 0 1]
 [0 0 0 1 2 0 1 1 0 1 0 0 0 0 1 0 0 0 0 0 0 0 0 2 1 0 0 0 0 0]
 [0 1 0 2 0 1 1 0 0 0 0 0 1 1 0 0 0 0 0 0 0 0 0 0 0 1 1 0 0 0]
 [0 0 0 0 0 0 1 0 0 0 0 0 0 0 0 0 0 0 0 0 0 1 0 0 2 0 2 3 0 0]
 [0 0 0 0 0 1 0 0 0 0 0 1 1 0 1 0 1 0 0 0 0 1 0 0 0 1 3 1 1 0]
 [0 0 0 0 0 0 0 0 2 0 0 0 1 0 0 0 0 1 0 1 1 0 0 0 2 3 1 2 0 0]
 [1 1 2 0 0 0 1 0 1 1 0 0 0 0 0 0 0 1 0 1 1 1 0 0 0 1 0 1 1 0]
 [0 2 0 1 0 1 0 0 1 0 0 1 0 0 0 0 0 0 0 1 0 0 0 0 1 0 0 1 0 0]]
 
Classifier SVM

C:\Users\Diego\PycharmProjects\MLEx3\venv\lib\site-packages\sklearn\svm\base.py:196: FutureWarning: The default value of gamma will change from 'auto' to 'scale' in version 0.22 to account better for unscaled features. Set gamma explicitly to 'auto' or 'scale' to avoid this warning.
  "avoid this warning.", FutureWarning)
Time to build model: 1.0343184066283015
Time to make predictions: 0.2691015024780441
C:\Users\Diego\PycharmProjects\MLEx3\venv\lib\site-packages\sklearn\metrics\classification.py:1143: UndefinedMetricWarning: F-score is ill-defined and being set to 0.0 in labels with no predicted samples.
Overall F1 score: 0.04794520547945205 
  'precision', 'predicted', average, warn_for)
 
                        Per class F1 score: 
 [0.         0.         0.         0.         0.         0.
 0.         0.         0.         0.         0.         0.
 0.         0.         0.         0.         0.         0.
 0.         0.         0.         0.         0.         0.
 0.         0.         0.         0.         0.09150327 0.        ]

                        Confusion Matrix: 
 [[ 0  0  0  0  0  0  0  0  0  0  0  0  0  0  0  0  0  0  0  0  0  0  0  0   0  0  0  0  7  0]
 [ 0  0  0  0  0  0  0  0  0  0  0  0  0  0  0  0  0  0  0  0  0  0  0  0   0  0  0  0 11  0]
 [ 0  0  0  0  0  0  0  0  0  0  0  0  0  0  0  0  0  0  0  0  0  0  0  0   0  0  0  0  9  0]
 [ 0  0  0  0  0  0  0  0  0  0  0  0  0  0  0  0  0  0  0  0  0  0  0  0   0  0  0  0  8  0]
 [ 0  0  0  0  0  0  0  0  0  0  0  0  0  0  0  0  0  0  0  0  0  0  0  0   0  0  0  0 13  0]
 [ 0  0  0  0  0  0  0  0  0  0  0  0  0  0  0  0  0  0  0  0  0  0  0  0   0  0  0  0 11  0]
 [ 0  0  0  0  0  0  0  0  0  0  0  0  0  0  0  0  0  0  0  0  0  0  0  0   0  0  0  0 10  0]
 [ 0  0  0  0  0  0  0  0  0  0  0  0  0  0  0  0  0  0  0  0  0  0  0  0   0  0  0  0  9  0]
 [ 0  0  0  0  0  0  0  0  0  0  0  0  0  0  0  0  0  0  0  0  0  0  0  0   0  0  0  0 10  0]
 [ 0  0  0  0  0  0  0  0  0  0  0  0  0  0  0  0  0  0  0  0  0  0  0  0   0  0  0  0  8  0]
 [ 0  0  0  0  0  0  0  0  0  0  0  0  0  0  0  0  0  0  0  0  0  0  0  0   0  0  0  0  8  0]
 [ 0  0  0  0  0  0  0  0  0  0  0  0  0  0  0  0  0  0  0  0  0  0  0  0   0  0  0  0  9  0]
 [ 0  0  0  0  0  0  0  0  0  0  0  0  0  0  0  0  0  0  0  0  0  0  0  0   0  0  0  0 11  0]
 [ 0  0  0  0  0  0  0  0  0  0  0  0  0  0  0  0  0  0  0  0  0  0  0  0   0  0  0  0 10  0]
 [ 0  0  0  0  0  0  0  0  0  0  0  0  0  0  0  0  0  0  0  0  0  0  0  0   0  0  0  0 11  0]
 [ 0  0  0  0  0  0  0  0  0  0  0  0  0  0  0  0  0  0  0  0  0  0  0  0   0  0  0  0  9  0]
 [ 0  0  0  0  0  0  0  0  0  0  0  0  0  0  0  0  0  0  0  0  0  0  0  0   0  0  0  0  9  0]
 [ 0  0  0  0  0  0  0  0  0  0  0  0  0  0  0  0  0  0  0  0  0  0  0  0   0  0  0  0 10  0]
 [ 0  0  0  0  0  0  0  0  0  0  0  0  0  0  0  0  0  0  0  0  0  0  0  0   0  0  0  0  7  0]
 [ 0  0  0  0  0  0  0  0  0  0  0  0  0  0  0  0  0  0  0  0  0  0  0  0   0  0  0  0 10  0]
 [ 0  0  0  0  0  0  0  0  0  0  0  0  0  0  0  0  0  0  0  0  0  0  0  0   0  0  0  0  7  0]
 [ 0  0  0  0  0  0  0  0  0  0  0  0  0  0  0  0  0  0  0  0  0  0  0  0   0  0  0  0  8  0]
 [ 0  0  0  0  0  0  0  0  0  0  0  0  0  0  0  0  0  0  0  0  0  0  0  0   0  0  0  0 10  0]
 [ 0  0  0  0  0  0  0  0  0  0  0  0  0  0  0  0  0  0  0  0  0  0  0  0   0  0  0  0 10  0]
 [ 0  0  0  0  0  0  0  0  0  0  0  0  0  0  0  0  0  0  0  0  0  0  0  0   0  0  0  0  9  0]
 [ 0  0  0  0  0  0  0  0  0  0  0  0  0  0  0  0  0  0  0  0  0  0  0  0   0  0  0  0  9  0]
 [ 0  0  0  0  0  0  0  0  0  0  0  0  0  0  0  0  0  0  0  0  0  0  0  0   0  0  0  0 12  0]
 [ 0  0  0  0  0  0  0  0  0  0  0  0  0  0  0  0  0  0  0  0  0  0  0  0   0  0  0  0 14  0]
 [ 0  0  0  0  0  0  0  0  0  0  0  0  0  0  0  0  0  0  0  0  0  0  0  0   0  0  0  0 14  0]
 [ 0  0  0  0  0  0  0  0  0  0  0  0  0  0  0  0  0  0  0  0  0  0  0  0   0  0  0  0  9  0]]
 
Process finished with exit code 0


C:\Users\Diego\PycharmProjects\MLEx3\venv\Scripts\python.exe C:/Users/Diego/PycharmProjects/MLEx3/main.py
Found 971 files

Found the following classes: ['acerolas', 'apples', 'apricots', 'avocados', 'bananas', 'blackberries', 'blueberries', 'cantaloupes', 'cherries', 'coconuts', 'figs', 'grapefruits', 'grapes', 'guava', 'kiwifruit', 'lemons', 'limes', 'mangos', 'olives', 'oranges', 'passionfruit', 'peaches', 'pears', 'pineapples', 'plums', 'pomegranates', 'raspberries', 'strawberries', 'tomatoes', 'watermelons']
Transformed labels (first elements: [0 0 0 0 0 0 0 0 0 0 0 0 0 0 0 0 0 0 0 0 0 0 0 0 1 1 1 1 1 1 1 1 1 1 1 1 1
 1 1 1 1 1 1 1 1 1 1 1 1 1 1 1 1 1 1 1 1 1 1 1 1 1 2 2 2 2 2 2 2 2 2 2 2 2
 2 2 2 2 2 2 2 2 2 2 2 2 2 2 2 2 2 2 3 3 3 3 3 3 3 3 3 3 3 3 3 3 3 3 3 3 3
 3 3 3 3 3 3 3 4 4 4 4 4 4 4 4 4 4 4 4 4 4 4 4 4 4 4 4 4 4 4 4 4 4 4 4 4 4
 4 4]
... done label encoding
Loading feature vectors from disk
Exception occurrred: 
 [Errno 2] No such file or directory: 'dataOpenCV_3D'
Extracting features using OpenCV.

Time to extract histogram features using OpenCV: 63.0917271548113
Writing feature vectors to disk
Set 0: 

Classifier Knn

Time to build model: 0.01839170316340244
Time to make predictions: 0.052303410500712744
C:\Users\Diego\PycharmProjects\MLEx3\venv\lib\site-packages\sklearn\metrics\classification.py:1143: UndefinedMetricWarning: F-score is ill-defined and being set to 0.0 in labels with no predicted samples.
Overall F1 score: 0.09246575342465754 
 
  'precision', 'predicted', average, warn_for)
                        Per class F1 score: 
 [0.22222222 0.0952381  0.         0.         0.19354839 0.41666667
 0.47058824 0.26666667 0.125      0.         0.         0.
 0.         0.         0.         0.         0.11764706 0.
 0.         0.25       0.         0.         0.         0.07407407
 0.         0.         0.08       0.12903226 0.10526316 0.        ]

                        Confusion Matrix: 
 [[2 0 0 0 0 0 0 0 0 0 0 0 0 0 0 0 0 0 0 0 0 0 0 0 0 1 1 1 1 1]
 [0 1 0 0 1 1 0 0 0 0 0 0 0 1 0 0 1 0 0 0 1 0 2 0 0 0 1 2 0 0]
 [2 0 0 0 1 0 0 0 0 0 2 0 0 1 0 0 0 1 0 0 0 1 0 0 0 1 0 0 0 0]
 [0 1 0 0 1 0 0 0 0 0 0 0 0 0 0 0 1 0 0 0 2 0 0 0 0 0 0 1 1 1]
 [1 0 0 0 3 1 0 0 0 0 1 0 0 2 0 0 2 0 0 0 0 0 0 1 0 0 0 0 2 0]
 [1 0 0 0 0 5 1 0 0 0 0 0 1 0 0 0 0 0 0 0 1 0 0 0 0 0 1 1 0 0]
 [0 0 0 0 0 1 4 0 0 0 0 0 2 0 0 0 0 0 0 1 0 0 0 1 0 0 0 0 0 1]
 [0 0 0 0 1 0 0 2 0 0 0 0 0 1 1 0 0 1 0 0 0 0 0 0 0 0 2 0 0 1]
 [0 0 0 0 0 0 0 0 1 0 1 0 0 0 0 0 0 0 0 0 0 0 1 1 0 3 0 3 0 0]
 [0 0 0 0 1 0 0 0 0 0 0 0 1 0 0 0 0 1 0 0 1 0 0 0 2 1 1 0 0 0]
 [0 1 0 0 0 0 0 0 1 0 0 0 0 0 0 0 0 2 0 0 0 0 0 1 1 0 0 0 1 1]
 [0 1 0 0 1 0 0 2 1 0 1 0 0 0 0 0 0 1 0 0 2 0 0 0 0 0 0 0 0 0]
 [0 0 0 0 0 1 0 0 0 1 1 0 0 0 0 0 0 0 0 0 1 0 0 4 2 0 1 0 0 0]
 [0 1 0 0 0 1 0 1 0 0 2 0 1 0 0 0 0 0 0 0 1 0 0 1 0 0 0 0 2 0]
 [0 0 0 0 1 0 0 0 0 0 1 0 4 0 0 0 2 1 0 0 0 0 0 1 0 0 0 1 0 0]
 [0 0 0 1 1 0 0 0 1 0 0 0 1 2 0 0 0 1 0 0 0 1 0 0 0 0 0 0 1 0]
 [0 0 0 0 0 1 0 0 0 0 1 0 0 0 1 0 1 0 0 0 1 0 0 1 0 0 0 0 2 1]
 [1 0 0 0 1 0 0 0 0 0 1 0 1 2 1 0 0 0 0 0 0 0 0 1 0 0 0 0 2 0]
 [0 0 1 0 0 0 0 0 1 0 0 0 0 2 0 0 0 0 0 0 0 0 0 2 0 0 0 0 1 0]
 [1 0 1 0 1 0 0 0 0 0 0 0 0 0 1 0 0 0 0 2 0 0 1 0 0 0 0 2 1 0]
 [0 0 0 0 0 0 0 0 1 1 1 0 1 1 0 0 0 0 0 0 0 0 0 0 0 0 0 0 0 2]
 [0 0 1 0 0 0 0 0 0 0 0 0 0 0 0 0 0 0 0 1 0 0 0 0 0 2 1 0 2 1]
 [0 1 0 0 3 0 0 1 0 0 1 0 1 0 0 0 0 0 0 0 1 0 0 0 0 0 0 0 0 2]
 [0 2 0 0 0 0 0 0 0 0 2 0 0 2 0 0 1 0 0 0 1 0 0 1 0 0 0 1 0 0]
 [0 1 0 1 0 1 1 0 0 1 0 0 1 1 0 0 0 1 0 0 1 0 0 0 0 0 0 0 0 0]
 [0 0 1 0 0 0 0 0 0 0 1 0 0 0 0 0 0 0 0 0 1 0 0 2 2 0 1 1 0 0]
 [2 0 0 1 1 1 0 0 0 1 1 0 1 0 0 0 0 0 0 1 0 0 0 0 0 1 1 1 0 0]
 [1 0 0 0 1 0 0 0 0 0 0 0 0 1 0 0 0 0 0 1 0 0 1 0 2 2 0 2 3 0]
 [0 1 1 0 0 0 0 0 0 0 1 1 0 1 0 2 0 1 0 0 0 0 0 0 0 0 3 1 2 0]
 [0 0 0 0 0 0 1 0 0 0 1 0 0 1 0 0 0 0 0 0 1 0 0 0 2 0 0 0 3 0]]
 
Classifier RandomForest

C:\Users\Diego\PycharmProjects\MLEx3\venv\lib\site-packages\sklearn\ensemble\forest.py:246: FutureWarning: The default value of n_estimators will change from 10 in version 0.20 to 100 in 0.22.
  "10 in version 0.20 to 100 in 0.22.", FutureWarning)
Time to build model: 0.1146374538828212
Time to make predictions: 0.008204121133942976
Overall F1 score: 0.17808219178082194 
 
                        Per class F1 score: 
 [0.22222222 0.11111111 0.11764706 0.23529412 0.15789474 0.42857143
 0.66666667 0.17391304 0.43478261 0.         0.11111111 0.31578947
 0.15384615 0.11111111 0.5        0.         0.125      0.28571429
 0.         0.15384615 0.         0.15384615 0.         0.09090909
 0.         0.23529412 0.08333333 0.18181818 0.         0.        ]

                        Confusion Matrix: 
 [[2 0 0 0 0 0 0 0 0 0 0 0 1 0 0 0 0 0 0 0 0 0 0 0 1 1 0 0 1 1]
 [0 2 0 0 0 1 0 1 1 0 0 0 2 0 0 0 1 0 0 0 0 0 0 0 0 0 1 1 1 0]
 [0 1 1 0 2 0 0 0 0 0 0 2 0 1 0 0 0 0 0 0 1 1 0 0 0 0 0 0 0 0]
 [0 0 0 2 1 0 0 0 0 0 0 0 1 0 0 0 1 0 2 0 0 0 0 0 1 0 0 0 0 0]
 [0 1 2 1 3 0 0 2 0 0 1 0 0 1 0 1 0 0 0 1 0 0 0 0 0 0 0 0 0 0]
 [0 0 0 0 0 6 1 0 1 0 0 0 0 0 0 0 0 0 1 0 0 0 0 1 1 0 0 0 0 0]
 [0 0 0 0 0 3 6 0 0 0 1 0 0 0 0 0 0 0 0 0 0 0 0 0 0 0 0 0 0 0]
 [0 1 1 0 2 0 0 2 0 0 0 0 0 0 1 0 0 1 0 0 0 0 0 1 0 0 0 0 0 0]
 [0 2 0 0 0 0 0 0 5 2 0 0 0 0 0 0 0 0 0 0 0 0 0 0 1 0 0 0 0 0]
 [0 2 0 2 0 1 0 0 0 0 0 0 2 0 0 0 0 0 0 0 0 0 0 0 1 0 0 0 0 0]
 [0 1 0 0 0 0 0 0 0 0 1 0 1 0 0 0 0 0 0 0 2 1 0 1 0 0 0 0 1 0]
 [0 2 0 0 0 0 0 1 0 0 0 3 0 0 0 1 0 0 0 0 0 1 1 0 0 0 0 0 0 0]
 [1 0 0 0 2 1 0 0 2 1 0 0 2 0 0 0 0 0 0 0 0 0 0 1 1 0 0 0 0 0]
 [0 1 0 0 0 0 0 3 0 0 1 0 0 1 0 0 1 0 1 0 0 0 1 1 0 0 0 0 0 0]
 [0 2 0 0 0 1 0 1 0 0 0 0 0 1 5 0 0 0 0 0 0 0 0 1 0 0 0 0 0 0]
 [0 0 2 0 5 0 0 0 0 0 0 1 0 0 0 0 0 0 0 0 0 0 1 0 0 0 0 0 0 0]
 [0 0 1 0 0 0 1 0 0 0 0 1 1 0 0 2 1 0 0 1 1 0 0 0 0 0 0 0 0 0]
 [0 0 0 0 2 0 0 0 0 0 1 0 0 0 0 2 0 2 0 0 1 0 1 0 0 0 0 1 0 0]
 [0 1 0 0 0 0 0 1 0 1 0 0 1 1 0 0 0 1 0 0 0 0 0 1 0 0 0 0 0 0]
 [2 0 0 0 1 0 0 1 0 0 0 1 1 0 0 0 0 0 1 1 0 0 2 0 0 0 0 0 0 0]
 [0 1 0 1 0 0 0 0 0 0 2 0 0 0 1 0 0 0 1 0 0 0 0 1 0 0 0 0 0 0]
 [0 1 0 1 1 0 0 1 0 0 1 0 0 0 0 0 0 0 0 0 0 1 0 0 0 1 1 0 0 0]
 [0 2 1 0 2 0 0 0 0 1 0 1 0 0 1 1 1 0 0 0 0 0 0 0 0 0 0 0 0 0]
 [0 1 0 0 1 0 0 1 0 0 0 0 0 2 1 0 1 0 1 0 0 0 1 1 0 0 0 0 0 0]
 [0 0 0 1 0 3 0 0 0 0 0 0 1 0 0 0 0 0 0 0 0 0 0 2 0 0 1 1 0 0]
 [1 2 0 0 0 0 0 0 0 0 0 0 0 0 0 0 0 0 0 0 0 0 0 0 0 2 2 1 1 0]
 [1 1 0 0 0 0 0 0 2 0 1 1 1 0 0 0 0 0 0 0 0 0 0 0 0 2 1 1 1 0]
 [2 0 0 0 2 0 0 0 2 1 0 0 0 0 0 0 0 0 0 0 0 0 1 0 0 1 2 2 1 0]
 [2 1 0 0 1 0 0 0 0 0 1 0 0 0 0 0 1 0 0 0 1 1 0 0 0 0 4 1 0 1]
 [0 0 0 1 0 1 0 0 0 0 0 0 1 1 0 0 0 0 0 0 1 0 0 1 0 1 0 0 2 0]]
 
Classifier MLP

Time to build model: 1.5369200418930262
Time to make predictions: 0.008626215981692553
Overall F1 score: 0.14383561643835616 
 
                        Per class F1 score: 
 [0.11764706 0.14814815 0.24       0.18181818 0.20689655 0.11111111
 0.28571429 0.14285714 0.18181818 0.17391304 0.11111111 0.
 0.18181818 0.         0.         0.         0.1        0.
 0.11111111 0.11764706 0.         0.33333333 0.         0.35294118
 0.125      0.125      0.1875     0.30769231 0.12121212 0.        ]

                        Confusion Matrix: 
 [[1 0 0 0 0 0 0 1 0 0 0 0 0 0 0 0 0 0 0 0 0 1 0 0 1 0 1 0 2 0]
 [0 2 0 0 0 0 0 0 1 0 1 0 1 0 1 0 0 0 0 0 1 0 0 0 0 1 2 1 0 0]
 [0 2 3 0 0 0 0 0 0 0 0 0 0 1 0 1 0 0 0 1 1 0 0 0 0 0 0 0 0 0]
 [1 1 0 1 0 0 0 0 1 0 0 1 0 0 0 0 1 0 1 0 0 0 0 0 0 0 0 0 1 0]
 [0 0 0 0 3 0 0 0 1 0 0 1 1 1 0 2 0 0 0 0 1 1 0 1 0 0 0 0 1 0]
 [0 0 0 0 1 1 1 0 0 0 0 0 0 0 1 0 0 0 3 0 0 0 0 0 0 1 2 0 0 1]
 [0 0 1 0 0 1 3 0 0 0 0 0 1 0 0 0 1 0 2 0 0 0 0 0 1 0 0 0 0 0]
 [0 0 0 0 1 0 1 1 0 0 0 0 0 1 0 0 0 1 0 1 2 0 0 0 0 0 0 0 1 0]
 [0 1 0 1 0 0 0 0 2 0 0 0 0 0 0 0 0 0 0 0 1 0 0 0 0 1 2 1 1 0]
 [1 0 1 1 0 0 0 0 0 2 0 0 1 1 0 0 1 0 0 0 0 0 0 0 0 0 0 0 0 0]
 [1 0 0 0 0 0 1 1 0 0 1 0 0 0 0 0 0 2 0 0 0 0 0 0 1 0 1 0 0 0]
 [1 0 1 0 0 0 1 0 0 0 0 0 1 1 0 0 0 1 0 0 1 1 0 0 0 0 1 0 0 0]
 [1 0 0 0 0 0 0 0 0 2 1 0 2 0 0 0 0 0 0 0 0 1 0 1 1 0 2 0 0 0]
 [0 0 0 0 1 0 0 0 0 1 1 0 0 0 0 0 2 0 1 0 2 0 1 0 0 1 0 0 0 0]
 [1 1 2 0 1 0 0 0 0 2 2 0 0 0 0 0 0 1 0 0 1 0 0 0 0 0 0 0 0 0]
 [0 0 2 0 4 0 0 0 0 0 0 1 0 0 1 0 0 0 0 1 0 0 0 0 0 0 0 0 0 0]
 [0 0 1 0 0 0 0 0 0 2 0 0 0 0 0 1 1 1 0 1 0 1 0 0 1 0 0 0 0 0]
 [0 1 0 0 4 0 0 0 1 1 0 0 0 0 0 0 2 0 0 0 0 0 0 0 0 0 0 0 1 0]
 [0 2 0 0 0 0 1 0 0 0 0 0 1 1 0 0 0 0 1 1 0 0 0 0 0 0 0 0 0 0]
 [0 2 2 0 0 0 0 0 0 0 0 0 0 0 0 4 1 0 0 1 0 0 0 0 0 0 0 0 0 0]
 [0 0 0 0 0 0 0 0 0 1 1 1 0 0 1 0 1 0 0 0 0 0 0 0 0 0 0 0 2 0]
 [0 0 1 0 0 0 0 0 0 0 0 0 0 0 1 0 0 0 0 0 0 3 0 0 0 0 1 0 1 1]
 [0 0 0 0 0 1 0 0 0 3 1 0 0 0 1 0 0 0 1 0 0 0 0 1 0 0 0 0 1 1]
 [0 1 0 0 0 0 2 0 0 0 1 0 0 0 0 0 0 0 0 0 0 0 0 3 0 0 0 0 2 1]
 [0 0 0 0 0 2 0 1 0 0 0 0 1 0 0 0 0 0 1 0 0 0 0 0 1 0 1 2 0 0]
 [0 0 0 0 0 1 0 0 1 0 1 0 0 0 0 0 0 1 0 0 0 0 0 0 0 1 2 0 2 0]
 [0 1 1 0 0 0 0 0 1 0 0 0 1 0 0 0 0 0 0 0 1 0 0 0 0 1 3 2 1 0]
 [0 1 0 0 0 0 0 0 3 0 0 0 0 0 0 0 0 0 1 0 0 1 0 0 1 1 1 4 1 0]
 [0 0 1 0 1 0 0 1 1 1 0 0 1 0 0 1 0 0 0 0 1 0 0 1 0 0 1 2 2 0]
 [3 1 0 0 0 1 1 0 0 0 0 0 0 0 0 0 1 0 0 1 0 1 0 0 0 0 0 0 0 0]]
 
Classifier SVM

C:\Users\Diego\PycharmProjects\MLEx3\venv\lib\site-packages\sklearn\svm\base.py:196: FutureWarning: The default value of gamma will change from 'auto' to 'scale' in version 0.22 to account better for unscaled features. Set gamma explicitly to 'auto' or 'scale' to avoid this warning.
  "avoid this warning.", FutureWarning)
Time to build model: 0.3452184180466702
Time to make predictions: 0.07144607471035158
C:\Users\Diego\PycharmProjects\MLEx3\venv\lib\site-packages\sklearn\metrics\classification.py:1143: UndefinedMetricWarning: F-score is ill-defined and being set to 0.0 in labels with no predicted samples.
Overall F1 score: 0.04794520547945205 
  'precision', 'predicted', average, warn_for)
 
                        Per class F1 score: 
 [0.         0.         0.         0.         0.         0.
 0.         0.         0.         0.         0.         0.
 0.         0.         0.         0.         0.         0.
 0.         0.         0.         0.         0.         0.
 0.         0.         0.         0.         0.09150327 0.        ]

                        Confusion Matrix: 
 [[ 0  0  0  0  0  0  0  0  0  0  0  0  0  0  0  0  0  0  0  0  0  0  0  0
   0  0  0  0  7  0]
 [ 0  0  0  0  0  0  0  0  0  0  0  0  0  0  0  0  0  0  0  0  0  0  0  0
   0  0  0  0 11  0]
 [ 0  0  0  0  0  0  0  0  0  0  0  0  0  0  0  0  0  0  0  0  0  0  0  0
   0  0  0  0  9  0]
 [ 0  0  0  0  0  0  0  0  0  0  0  0  0  0  0  0  0  0  0  0  0  0  0  0
   0  0  0  0  8  0]
 [ 0  0  0  0  0  0  0  0  0  0  0  0  0  0  0  0  0  0  0  0  0  0  0  0
   0  0  0  0 13  0]
 [ 0  0  0  0  0  0  0  0  0  0  0  0  0  0  0  0  0  0  0  0  0  0  0  0
   0  0  0  0 11  0]
 [ 0  0  0  0  0  0  0  0  0  0  0  0  0  0  0  0  0  0  0  0  0  0  0  0
   0  0  0  0 10  0]
 [ 0  0  0  0  0  0  0  0  0  0  0  0  0  0  0  0  0  0  0  0  0  0  0  0
   0  0  0  0  9  0]
 [ 0  0  0  0  0  0  0  0  0  0  0  0  0  0  0  0  0  0  0  0  0  0  0  0
   0  0  0  0 10  0]
 [ 0  0  0  0  0  0  0  0  0  0  0  0  0  0  0  0  0  0  0  0  0  0  0  0
   0  0  0  0  8  0]
 [ 0  0  0  0  0  0  0  0  0  0  0  0  0  0  0  0  0  0  0  0  0  0  0  0
   0  0  0  0  8  0]
 [ 0  0  0  0  0  0  0  0  0  0  0  0  0  0  0  0  0  0  0  0  0  0  0  0
   0  0  0  0  9  0]
 [ 0  0  0  0  0  0  0  0  0  0  0  0  0  0  0  0  0  0  0  0  0  0  0  0
   0  0  0  0 11  0]
 [ 0  0  0  0  0  0  0  0  0  0  0  0  0  0  0  0  0  0  0  0  0  0  0  0
   0  0  0  0 10  0]
 [ 0  0  0  0  0  0  0  0  0  0  0  0  0  0  0  0  0  0  0  0  0  0  0  0
   0  0  0  0 11  0]
 [ 0  0  0  0  0  0  0  0  0  0  0  0  0  0  0  0  0  0  0  0  0  0  0  0
   0  0  0  0  9  0]
 [ 0  0  0  0  0  0  0  0  0  0  0  0  0  0  0  0  0  0  0  0  0  0  0  0
   0  0  0  0  9  0]
 [ 0  0  0  0  0  0  0  0  0  0  0  0  0  0  0  0  0  0  0  0  0  0  0  0
   0  0  0  0 10  0]
 [ 0  0  0  0  0  0  0  0  0  0  0  0  0  0  0  0  0  0  0  0  0  0  0  0
   0  0  0  0  7  0]
 [ 0  0  0  0  0  0  0  0  0  0  0  0  0  0  0  0  0  0  0  0  0  0  0  0
   0  0  0  0 10  0]
 [ 0  0  0  0  0  0  0  0  0  0  0  0  0  0  0  0  0  0  0  0  0  0  0  0
   0  0  0  0  7  0]
 [ 0  0  0  0  0  0  0  0  0  0  0  0  0  0  0  0  0  0  0  0  0  0  0  0
   0  0  0  0  8  0]
 [ 0  0  0  0  0  0  0  0  0  0  0  0  0  0  0  0  0  0  0  0  0  0  0  0
   0  0  0  0 10  0]
 [ 0  0  0  0  0  0  0  0  0  0  0  0  0  0  0  0  0  0  0  0  0  0  0  0
   0  0  0  0 10  0]
 [ 0  0  0  0  0  0  0  0  0  0  0  0  0  0  0  0  0  0  0  0  0  0  0  0
   0  0  0  0  9  0]
 [ 0  0  0  0  0  0  0  0  0  0  0  0  0  0  0  0  0  0  0  0  0  0  0  0
   0  0  0  0  9  0]
 [ 0  0  0  0  0  0  0  0  0  0  0  0  0  0  0  0  0  0  0  0  0  0  0  0
   0  0  0  0 12  0]
 [ 0  0  0  0  0  0  0  0  0  0  0  0  0  0  0  0  0  0  0  0  0  0  0  0
   0  0  0  0 14  0]
 [ 0  0  0  0  0  0  0  0  0  0  0  0  0  0  0  0  0  0  0  0  0  0  0  0
   0  0  0  0 14  0]
 [ 0  0  0  0  0  0  0  0  0  0  0  0  0  0  0  0  0  0  0  0  0  0  0  0
   0  0  0  0  9  0]]
 
Set 1: 

Classifier Knn

Time to build model: 0.07036539215690141
Time to make predictions: 0.21216445704789066
C:\Users\Diego\PycharmProjects\MLEx3\venv\lib\site-packages\sklearn\metrics\classification.py:1143: UndefinedMetricWarning: F-score is ill-defined and being set to 0.0 in labels with no predicted samples.
  'precision', 'predicted', average, warn_for)
Overall F1 score: 0.1404109589041096 
 
                        Per class F1 score: 
 [0.18181818 0.17391304 0.125      0.         0.15384615 0.33333333
 0.5        0.23529412 0.19047619 0.30769231 0.         0.18181818
 0.         0.07407407 0.11764706 0.         0.5        0.06451613
 0.         0.33333333 0.13333333 0.         0.13333333 0.
 0.         0.08695652 0.16       0.05714286 0.23529412 0.        ]

                        Confusion Matrix: 
 [[2 0 0 0 0 0 0 0 0 0 0 0 1 0 0 0 0 0 0 0 0 0 0 0 0 1 1 1 1 0]
 [0 2 0 0 1 1 0 1 0 0 0 0 0 1 0 0 0 0 0 0 0 0 1 1 0 1 0 2 0 0]
 [0 0 1 0 1 0 0 0 0 0 0 0 0 1 0 0 0 4 0 0 1 0 0 0 0 1 0 0 0 0]
 [0 1 0 0 1 0 0 0 1 0 0 0 0 0 0 0 0 1 0 0 1 0 0 2 0 0 0 0 1 0]
 [1 0 1 1 2 0 0 0 0 0 0 1 0 2 0 0 0 1 0 1 0 0 0 2 0 0 0 1 0 0]
 [0 0 0 0 0 4 1 0 0 0 0 0 0 0 0 0 0 1 1 0 0 0 0 0 1 0 1 0 2 0]
 [0 0 0 0 0 2 4 0 0 0 0 0 2 0 0 0 0 0 0 0 0 0 0 2 0 0 0 0 0 0]
 [0 1 1 0 1 0 0 2 0 0 1 0 0 2 0 0 0 1 0 0 0 0 0 0 0 0 0 0 0 0]
 [1 0 0 0 0 0 0 0 2 1 0 0 1 0 0 0 0 0 0 0 0 0 1 2 0 0 0 2 0 0]
 [0 0 0 0 0 0 0 0 0 2 0 0 1 0 0 0 0 1 0 0 2 0 0 0 1 1 0 0 0 0]
 [0 0 0 0 0 0 0 0 0 0 0 0 0 0 0 0 0 1 0 0 1 1 0 2 0 0 0 2 1 0]
 [0 0 1 0 1 0 0 0 0 0 0 1 0 0 0 1 0 3 0 0 0 1 0 1 0 0 0 0 0 0]
 [0 0 0 0 0 2 0 0 0 1 0 0 0 0 0 0 0 0 0 0 0 0 0 4 2 0 2 0 0 0]
 [0 0 0 0 0 0 0 2 0 0 2 0 1 1 2 0 0 0 0 0 0 0 0 1 0 0 0 0 1 0]
 [0 0 0 0 1 0 0 0 0 0 1 0 2 1 1 0 0 1 0 0 0 0 0 2 0 0 0 2 0 0]
 [1 0 0 1 0 0 0 0 1 0 0 0 1 1 0 0 0 1 0 1 0 0 0 2 0 0 0 0 0 0]
 [0 0 0 0 0 1 0 1 0 1 1 0 0 1 0 0 3 0 0 0 0 0 0 1 0 0 0 0 0 0]
 [2 0 1 1 0 0 0 0 0 0 0 0 0 0 1 0 0 1 0 1 0 0 0 1 0 0 0 0 2 0]
 [0 1 0 0 0 0 0 0 1 0 0 0 0 0 0 0 0 1 0 0 0 0 1 3 0 0 0 0 0 0]
 [1 1 0 0 1 0 0 1 0 0 1 0 0 0 1 0 0 0 0 3 0 0 0 0 0 0 0 0 1 0]
 [0 0 0 0 1 0 0 0 2 0 1 0 0 1 0 0 0 0 0 0 1 0 0 1 0 0 0 0 0 0]
 [0 1 0 0 0 0 0 0 0 0 0 0 0 1 0 0 0 0 0 0 0 0 0 0 0 2 1 2 1 0]
 [0 2 0 0 2 0 0 1 0 0 0 0 0 0 0 0 0 1 0 0 0 0 1 2 0 0 1 0 0 0]
 [0 1 0 0 0 1 0 0 0 0 1 0 0 3 0 0 0 1 1 1 0 0 0 0 0 0 0 0 1 0]
 [0 0 0 0 0 0 1 0 0 0 0 0 1 1 0 0 0 2 0 0 0 0 0 0 0 0 1 2 1 0]
 [1 1 0 0 0 0 0 0 0 0 0 0 0 0 0 0 0 0 0 0 1 0 0 2 0 1 0 3 0 0]
 [2 0 0 0 1 0 0 0 1 0 0 0 0 0 0 0 0 0 0 0 0 0 0 1 0 3 2 2 0 0]
 [2 0 0 0 0 0 0 0 2 0 0 0 0 1 0 0 0 0 0 0 0 0 1 1 0 2 1 1 3 0]
 [1 1 1 0 0 0 0 0 1 0 0 0 0 0 0 0 0 0 0 1 0 0 0 0 0 2 2 1 4 0]
 [1 0 1 0 0 2 0 0 0 0 1 0 0 0 1 0 0 0 0 0 1 0 0 0 0 0 1 0 1 0]]
 
Classifier RandomForest

Time to build model: 0.15262171363666255
Time to make predictions: 0.024731251312360314
Overall F1 score: 0.3321917808219178 
 
                        Per class F1 score: 
 [0.13333333 0.         0.13333333 0.31578947 0.53333333 0.42857143
 0.31578947 0.42105263 0.17391304 0.42857143 0.18181818 0.22222222
 0.0952381  0.54545455 0.42857143 0.4        0.30769231 0.33333333
 0.28571429 0.5        0.14285714 0.4        0.125      0.57142857
 0.125      0.3        0.34782609 0.42857143 0.5        0.5       ]

                        Confusion Matrix: 
 [[1 0 0 0 0 0 0 0 1 1 0 0 0 0 0 0 0 0 0 0 0 0 0 0 0 1 0 2 1 0]
 [0 0 0 0 0 0 0 0 1 0 0 0 1 0 0 1 1 1 0 0 0 0 0 0 2 2 0 1 1 0]
 [0 1 1 0 0 0 0 1 0 0 0 3 1 0 0 0 0 0 0 1 0 0 0 1 0 0 0 0 0 0]
 [0 0 0 3 0 1 0 1 0 0 0 0 1 0 0 1 0 0 0 0 1 0 0 0 0 0 0 0 0 0]
 [0 0 0 0 8 0 0 0 0 0 0 0 0 0 1 1 0 1 0 0 0 0 2 0 0 0 0 0 0 0]
 [0 0 0 1 0 6 2 0 0 0 0 0 1 1 0 0 0 0 0 0 0 0 0 0 0 0 0 0 0 0]
 [0 0 0 0 0 7 3 0 0 0 0 0 0 0 0 0 0 0 0 0 0 0 0 0 0 0 0 0 0 0]
 [0 1 0 0 1 0 0 4 0 0 0 0 0 0 1 0 0 0 0 1 1 0 0 0 0 0 0 0 0 0]
 [1 1 0 0 0 0 0 0 2 1 0 0 1 0 0 0 0 0 0 0 1 0 0 0 0 1 0 2 0 0]
 [0 0 0 0 0 0 1 0 0 3 0 0 0 0 0 0 0 0 1 0 0 0 0 0 3 0 0 0 0 0]
 [0 2 0 1 0 0 0 0 0 0 1 0 0 0 0 0 0 0 0 0 1 1 0 1 0 0 1 0 0 0]
 [0 2 0 0 0 0 0 0 0 0 0 2 0 0 0 0 0 1 0 1 0 2 0 0 0 0 1 0 0 0]
 [0 0 0 3 0 0 2 0 0 0 0 0 1 0 1 0 0 0 0 0 2 1 0 0 1 0 0 0 0 0]
 [0 1 0 0 0 0 0 2 0 0 0 0 0 6 1 0 0 0 0 0 0 0 0 0 0 0 0 0 0 0]
 [0 0 0 0 0 0 1 0 0 0 0 0 0 1 6 0 0 0 2 0 0 0 1 0 0 0 0 0 0 0]
 [0 0 1 0 3 0 0 0 0 0 0 0 0 0 0 3 0 0 0 1 0 0 1 0 0 0 0 0 0 0]
 [0 1 0 1 1 0 0 0 0 0 0 0 1 2 1 0 2 0 0 0 0 0 0 0 0 0 0 0 0 0]
 [0 2 0 0 2 0 0 0 0 0 0 0 1 0 0 0 0 3 0 0 0 0 1 0 0 0 0 1 0 0]
 [0 0 0 0 0 0 0 1 0 0 0 0 1 0 3 0 0 0 2 0 0 0 0 0 0 0 0 0 0 0]
 [1 0 2 0 0 0 0 0 0 0 0 1 0 0 0 0 0 0 0 5 0 0 0 1 0 0 0 0 0 0]
 [0 0 0 0 0 0 0 0 0 1 1 0 0 0 0 0 0 1 0 0 1 0 0 2 0 0 0 0 1 0]
 [0 2 0 0 0 0 0 0 0 0 0 1 0 0 0 0 0 0 0 0 0 3 0 0 0 0 1 0 1 0]
 [0 0 1 0 2 0 0 1 0 0 0 1 0 1 1 0 0 1 0 0 0 0 1 0 0 1 0 0 0 0]
 [0 0 0 1 0 0 0 0 0 0 0 0 0 1 2 0 0 0 0 0 0 0 0 6 0 0 0 0 0 0]
 [0 0 0 1 0 2 0 0 1 0 0 0 1 0 0 0 1 0 1 0 0 0 0 0 1 0 1 0 0 0]
 [1 2 0 0 0 0 0 0 0 0 1 0 0 0 0 0 0 0 0 0 0 0 0 0 0 3 1 0 1 0]
 [1 2 0 0 0 0 0 0 3 0 0 0 0 0 0 0 0 0 0 0 0 0 0 0 0 1 4 1 0 0]
 [3 0 0 0 0 0 0 0 1 0 0 0 0 0 0 0 0 0 0 1 0 0 0 0 0 1 1 6 1 0]
 [0 0 0 0 0 0 0 0 4 0 0 0 0 0 0 0 0 0 0 0 0 0 0 0 0 1 1 1 7 0]
 [0 1 1 0 0 1 0 0 0 0 0 1 0 0 0 0 0 0 1 0 0 0 0 0 0 0 0 0 1 3]]
 
Classifier MLP

Time to build model: 4.378088359376775
Time to make predictions: 0.026439302803652254
Overall F1 score: 0.2191780821917808 
 
                        Per class F1 score: 
 [0.2        0.1        0.         0.13333333 0.25       0.51851852
 0.58823529 0.16666667 0.42857143 0.58823529 0.10526316 0.125
 0.15384615 0.19047619 0.         0.2        0.16666667 0.0952381
 0.14285714 0.33333333 0.         0.13333333 0.21052632 0.2
 0.33333333 0.2962963  0.23076923 0.         0.27586207 0.09090909]

                        Confusion Matrix: 
 [[1 0 0 0 0 0 0 0 1 0 0 0 1 0 1 0 0 0 0 0 0 0 0 0 1 0 0 0 2 0]
 [0 1 0 0 0 0 0 0 2 0 0 1 1 0 0 0 0 1 1 0 0 0 1 0 0 2 0 1 0 0]
 [0 0 0 0 0 0 0 0 0 1 0 1 1 1 1 2 0 0 0 0 0 0 0 0 0 0 1 0 1 0]
 [0 0 0 1 0 2 0 1 0 0 0 0 1 0 0 1 0 0 1 1 0 0 0 0 0 0 0 0 0 0]
 [0 0 1 0 3 0 0 0 0 1 0 0 0 0 0 0 0 2 0 1 1 1 1 0 0 1 0 0 0 1]
 [0 0 0 1 0 7 0 0 0 0 0 0 0 1 0 0 0 0 0 0 0 0 0 0 0 0 1 0 1 0]
 [0 0 0 0 0 2 5 0 0 0 0 0 0 0 0 0 0 0 0 0 0 1 0 0 0 0 1 0 0 1]
 [0 1 0 0 0 0 0 1 0 0 2 2 0 0 1 1 0 0 0 0 0 0 0 0 0 0 0 1 0 0]
 [0 0 0 0 1 0 0 0 6 0 0 0 0 0 0 0 0 0 0 0 0 0 0 0 0 1 1 1 0 0]
 [0 0 0 0 0 0 0 0 0 5 0 0 1 0 0 0 0 1 0 0 0 0 0 1 0 0 0 0 0 0]
 [0 0 0 0 0 0 0 0 0 0 1 0 0 0 0 0 0 1 0 1 0 0 1 0 2 0 0 2 0 0]
 [0 0 1 2 0 0 0 0 0 0 1 1 0 0 0 1 0 0 0 1 0 2 0 0 0 0 0 0 0 0]
 [0 0 0 1 0 1 1 0 2 0 0 0 2 1 0 0 0 1 0 0 0 0 1 0 0 0 1 0 0 0]
 [0 1 1 1 1 0 0 0 1 0 0 0 1 2 1 0 1 0 0 0 0 0 0 0 0 0 0 0 0 0]
 [0 2 1 0 0 0 0 0 0 0 0 0 1 1 0 0 1 0 0 0 0 0 2 0 0 0 0 1 0 2]
 [0 0 1 0 3 0 0 0 0 0 0 0 0 0 0 2 0 1 0 0 0 0 0 0 1 1 0 0 0 0]
 [0 0 1 0 0 0 0 0 0 0 0 0 0 2 0 0 1 0 1 0 0 0 0 1 0 0 0 0 0 3]
 [0 0 0 0 0 1 0 0 1 0 1 0 1 0 0 1 0 1 0 1 0 0 1 0 0 1 0 1 0 0]
 [0 0 1 0 0 0 0 0 0 0 1 0 0 1 0 0 0 0 1 0 0 0 0 1 0 0 0 0 0 2]
 [0 0 1 0 1 0 0 0 0 0 0 0 0 0 0 2 0 1 0 3 0 1 0 0 0 0 0 0 1 0]
 [0 0 0 0 0 0 0 0 0 0 2 0 0 0 0 0 0 0 0 0 0 0 0 3 1 0 0 0 1 0]
 [0 0 1 0 0 1 0 0 0 0 0 0 0 0 0 0 0 0 0 0 1 1 0 1 0 0 1 0 1 1]
 [0 0 0 0 2 0 0 0 0 1 1 0 1 1 0 0 0 0 0 0 1 0 2 0 1 0 0 0 0 0]
 [0 1 0 1 0 0 0 0 0 1 1 0 0 0 0 1 0 0 1 0 0 0 0 2 0 1 0 1 0 0]
 [0 0 0 0 0 1 0 0 0 0 0 0 1 0 0 0 0 0 1 0 0 0 0 0 3 2 1 0 0 0]
 [0 1 0 0 0 0 0 0 0 0 0 0 1 1 0 0 0 1 0 0 1 0 0 0 0 4 0 0 0 0]
 [0 1 0 0 0 0 0 0 2 0 0 0 0 0 0 0 0 0 0 0 1 0 0 0 0 2 3 0 2 1]
 [0 0 0 0 0 0 0 1 2 0 0 0 1 0 0 0 0 1 0 0 0 0 0 1 0 2 3 0 2 1]
 [0 1 0 0 0 0 0 0 0 0 1 2 1 0 1 0 0 0 0 0 0 1 0 0 0 0 1 2 4 0]
 [2 0 0 0 0 1 1 0 1 0 0 0 0 0 0 0 0 0 1 0 0 0 0 0 0 1 0 1 0 1]]
 
Classifier SVM

C:\Users\Diego\PycharmProjects\MLEx3\venv\lib\site-packages\sklearn\svm\base.py:196: FutureWarning: The default value of gamma will change from 'auto' to 'scale' in version 0.22 to account better for unscaled features. Set gamma explicitly to 'auto' or 'scale' to avoid this warning.
  "avoid this warning.", FutureWarning)
Time to build model: 1.056074038943052
Time to make predictions: 0.24878321644827395
C:\Users\Diego\PycharmProjects\MLEx3\venv\lib\site-packages\sklearn\metrics\classification.py:1143: UndefinedMetricWarning: F-score is ill-defined and being set to 0.0 in labels with no predicted samples.
  'precision', 'predicted', average, warn_for)
Overall F1 score: 0.04794520547945205 
 
                        Per class F1 score: 
 [0.         0.         0.         0.         0.         0.
 0.         0.         0.         0.         0.         0.
 0.         0.         0.         0.         0.         0.
 0.         0.         0.         0.         0.         0.
 0.         0.         0.         0.         0.09150327 0.        ]

                        Confusion Matrix: 
 [[ 0  0  0  0  0  0  0  0  0  0  0  0  0  0  0  0  0  0  0  0  0  0  0  0   0  0  0  0  7  0]
 [ 0  0  0  0  0  0  0  0  0  0  0  0  0  0  0  0  0  0  0  0  0  0  0  0   0  0  0  0 11  0]
 [ 0  0  0  0  0  0  0  0  0  0  0  0  0  0  0  0  0  0  0  0  0  0  0  0   0  0  0  0  9  0]
 [ 0  0  0  0  0  0  0  0  0  0  0  0  0  0  0  0  0  0  0  0  0  0  0  0   0  0  0  0  8  0]
 [ 0  0  0  0  0  0  0  0  0  0  0  0  0  0  0  0  0  0  0  0  0  0  0  0   0  0  0  0 13  0]
 [ 0  0  0  0  0  0  0  0  0  0  0  0  0  0  0  0  0  0  0  0  0  0  0  0   0  0  0  0 11  0]
 [ 0  0  0  0  0  0  0  0  0  0  0  0  0  0  0  0  0  0  0  0  0  0  0  0   0  0  0  0 10  0]
 [ 0  0  0  0  0  0  0  0  0  0  0  0  0  0  0  0  0  0  0  0  0  0  0  0   0  0  0  0  9  0]
 [ 0  0  0  0  0  0  0  0  0  0  0  0  0  0  0  0  0  0  0  0  0  0  0  0   0  0  0  0 10  0]
 [ 0  0  0  0  0  0  0  0  0  0  0  0  0  0  0  0  0  0  0  0  0  0  0  0   0  0  0  0  8  0]
 [ 0  0  0  0  0  0  0  0  0  0  0  0  0  0  0  0  0  0  0  0  0  0  0  0   0  0  0  0  8  0]
 [ 0  0  0  0  0  0  0  0  0  0  0  0  0  0  0  0  0  0  0  0  0  0  0  0   0  0  0  0  9  0]
 [ 0  0  0  0  0  0  0  0  0  0  0  0  0  0  0  0  0  0  0  0  0  0  0  0   0  0  0  0 11  0]
 [ 0  0  0  0  0  0  0  0  0  0  0  0  0  0  0  0  0  0  0  0  0  0  0  0   0  0  0  0 10  0]
 [ 0  0  0  0  0  0  0  0  0  0  0  0  0  0  0  0  0  0  0  0  0  0  0  0   0  0  0  0 11  0]
 [ 0  0  0  0  0  0  0  0  0  0  0  0  0  0  0  0  0  0  0  0  0  0  0  0   0  0  0  0  9  0]
 [ 0  0  0  0  0  0  0  0  0  0  0  0  0  0  0  0  0  0  0  0  0  0  0  0   0  0  0  0  9  0]
 [ 0  0  0  0  0  0  0  0  0  0  0  0  0  0  0  0  0  0  0  0  0  0  0  0   0  0  0  0 10  0]
 [ 0  0  0  0  0  0  0  0  0  0  0  0  0  0  0  0  0  0  0  0  0  0  0  0   0  0  0  0  7  0]
 [ 0  0  0  0  0  0  0  0  0  0  0  0  0  0  0  0  0  0  0  0  0  0  0  0   0  0  0  0 10  0]
 [ 0  0  0  0  0  0  0  0  0  0  0  0  0  0  0  0  0  0  0  0  0  0  0  0   0  0  0  0  7  0]
 [ 0  0  0  0  0  0  0  0  0  0  0  0  0  0  0  0  0  0  0  0  0  0  0  0   0  0  0  0  8  0]
 [ 0  0  0  0  0  0  0  0  0  0  0  0  0  0  0  0  0  0  0  0  0  0  0  0   0  0  0  0 10  0]
 [ 0  0  0  0  0  0  0  0  0  0  0  0  0  0  0  0  0  0  0  0  0  0  0  0   0  0  0  0 10  0]
 [ 0  0  0  0  0  0  0  0  0  0  0  0  0  0  0  0  0  0  0  0  0  0  0  0   0  0  0  0  9  0]
 [ 0  0  0  0  0  0  0  0  0  0  0  0  0  0  0  0  0  0  0  0  0  0  0  0   0  0  0  0  9  0]
 [ 0  0  0  0  0  0  0  0  0  0  0  0  0  0  0  0  0  0  0  0  0  0  0  0   0  0  0  0 12  0]
 [ 0  0  0  0  0  0  0  0  0  0  0  0  0  0  0  0  0  0  0  0  0  0  0  0   0  0  0  0 14  0]
 [ 0  0  0  0  0  0  0  0  0  0  0  0  0  0  0  0  0  0  0  0  0  0  0  0   0  0  0  0 14  0]
 [ 0  0  0  0  0  0  0  0  0  0  0  0  0  0  0  0  0  0  0  0  0  0  0  0   0  0  0  0  9  0]]
 
Set 2: 

Classifier Knn

Time to build model: 0.016292347937863383
Time to make predictions: 0.1023505166278369
Overall F1 score: 0.17123287671232876 
 
                        Per class F1 score: 
 [0.2        0.11764706 0.         0.         0.27272727 0.35714286
 0.53333333 0.31578947 0.13793103 0.26666667 0.         0.2
 0.         0.24       0.26666667 0.         0.5        0.06666667
 0.23529412 0.58823529 0.         0.33333333 0.11764706 0.03921569
 0.         0.         0.1        0.1        0.25       0.        ]

                        Confusion Matrix: 
 [[2 0 0 0 0 0 0 0 1 0 1 0 0 0 0 0 0 0 0 0 0 0 0 0 0 1 0 0 2 0]
 [1 1 0 0 1 0 0 0 0 0 0 0 0 1 0 0 0 0 1 0 0 0 1 1 0 2 0 2 0 0]
 [0 0 0 0 0 0 0 1 0 0 0 0 0 1 0 0 0 4 0 0 0 0 0 2 0 0 0 1 0 0]
 [0 0 1 0 0 0 0 0 1 0 0 0 1 0 0 0 0 2 0 0 0 0 0 2 0 0 0 0 1 0]
 [1 0 0 0 3 0 0 0 0 0 0 0 0 2 0 2 0 2 0 0 0 0 0 2 0 0 0 1 0 0]
 [0 0 0 0 0 5 1 0 0 0 0 0 0 0 0 0 0 0 0 0 0 0 0 0 2 0 1 0 2 0]
 [0 0 0 0 0 3 4 0 0 0 0 0 1 0 0 0 0 0 0 0 0 0 0 2 0 0 0 0 0 0]
 [0 1 0 0 0 0 0 3 0 0 0 0 0 0 0 0 0 1 2 0 0 0 0 2 0 0 0 0 0 0]
 [0 1 0 0 0 0 0 0 2 0 0 0 0 0 0 0 0 0 0 0 0 0 1 2 0 2 1 1 0 0]
 [0 0 0 0 0 0 0 0 1 2 0 0 0 0 0 0 0 1 0 0 3 0 0 0 0 0 0 1 0 0]
 [0 1 1 0 0 0 0 0 0 0 0 0 0 0 0 0 0 0 1 0 1 1 0 2 1 0 0 0 0 0]
 [0 0 1 0 1 0 0 0 1 0 0 1 0 0 0 0 0 2 0 0 0 1 0 0 0 0 0 0 1 1]
 [0 1 0 0 0 4 0 0 0 0 0 0 0 0 0 0 0 1 0 0 0 0 0 3 1 0 1 0 0 0]
 [0 0 0 0 0 0 0 1 0 0 1 0 1 3 1 0 0 1 0 0 0 0 0 1 0 0 0 1 0 0]
 [0 0 0 0 1 0 0 0 0 0 0 0 2 0 2 0 0 1 0 0 0 0 0 2 0 0 0 3 0 0]
 [1 0 0 1 0 0 0 0 1 0 0 0 0 1 1 0 0 0 0 1 0 0 0 3 0 0 0 0 0 0]
 [0 0 0 0 0 0 0 1 0 0 1 0 0 0 0 0 3 0 0 0 0 0 1 3 0 0 0 0 0 0]
 [0 0 1 0 1 0 0 0 2 0 0 0 1 1 0 0 0 1 1 1 0 0 0 1 0 0 0 0 0 0]
 [0 0 0 0 0 0 0 0 1 0 0 0 0 0 0 0 0 0 2 0 0 0 1 3 0 0 0 0 0 0]
 [0 0 0 0 0 0 0 1 0 0 0 0 0 0 0 0 0 0 0 5 0 0 0 1 0 0 0 2 1 0]
 [0 0 0 0 0 0 0 0 2 1 2 0 0 1 0 0 0 0 0 0 0 0 0 1 0 0 0 0 0 0]
 [0 0 0 0 0 0 0 0 0 0 0 0 0 1 0 0 0 0 0 0 0 2 0 0 0 1 0 2 2 0]
 [0 0 0 0 1 0 0 2 0 0 0 0 0 1 0 0 0 0 1 0 0 0 1 3 0 0 1 0 0 0]
 [1 0 0 0 0 0 0 0 0 2 0 0 0 1 0 0 0 1 2 0 0 0 0 1 0 0 0 2 0 0]
 [1 0 0 0 0 2 0 0 0 0 0 0 1 1 0 0 0 2 0 0 0 0 0 0 0 0 0 2 0 0]
 [1 1 0 0 0 0 0 0 1 0 0 0 0 0 0 0 0 0 0 0 2 0 0 2 0 0 0 1 1 0]
 [1 0 0 0 1 1 0 0 1 1 0 0 0 0 0 0 0 0 0 0 0 0 1 0 0 2 1 1 2 0]
 [1 0 0 0 0 0 0 0 3 0 1 0 0 1 0 0 0 0 0 0 0 0 1 1 0 2 2 2 0 0]
 [2 0 0 0 0 0 0 1 2 1 0 0 0 0 0 0 0 0 0 0 0 0 0 0 0 0 1 3 4 0]
 [1 0 0 0 0 2 0 0 0 0 0 0 0 0 0 0 0 1 0 0 1 0 0 1 0 0 0 1 2 0]]
 
Classifier RandomForest

Time to build model: 0.05458280820941752
Time to make predictions: 0.003315176554963273
Overall F1 score: 0.42123287671232884 
 
                        Per class F1 score: 
 [0.14285714 0.12903226 0.33333333 0.34782609 0.64516129 0.51612903
 0.52631579 0.47619048 0.18181818 0.42857143 0.30769231 0.28571429
 0.33333333 0.125      0.48       0.75       0.57142857 0.14285714
 0.18181818 0.8        0.61538462 0.4        0.15384615 0.84210526
 0.125      0.69565217 0.2        0.4375     0.61538462 0.        ]

                        Confusion Matrix: 
 [[ 1  1  0  0  0  0  0  0  0  0  0  0  1  0  0  0  0  0  1  0  0  0  0  0   0  1  0  2  0  0]
 [ 0  2  0  0  0  0  0  1  0  1  0  0  0  0  0  0  1  0  0  0  0  0  0  0   3  1  2  0  0  0]
 [ 0  0  2  0  0  0  0  2  0  0  0  0  0  1  0  0  0  1  0  2  0  0  0  0   0  0  0  0  1  0]
 [ 0  0  0  4  1  0  0  0  1  0  0  0  1  0  0  0  0  0  0  0  0  0  0  1   0  0  0  0  0  0]
 [ 0  1  0  0 10  0  0  0  0  0  0  0  0  0  0  0  0  0  0  0  0  0  2  0   0  0  0  0  0  0]
 [ 0  0  0  0  0  8  1  0  1  0  0  0  0  1  0  0  0  0  0  0  0  0  0  0   0  0  0  0  0  0]
 [ 0  0  0  0  0  3  5  0  0  0  0  0  0  0  0  0  0  0  0  0  0  0  0  0   2  0  0  0  0  0]
 [ 0  0  0  1  0  0  0  5  0  1  0  0  0  0  2  0  0  0  0  0  0  0  0  0   0  0  0  0  0  0]
 [ 2  1  0  0  0  0  0  0  2  0  1  0  3  0  0  0  0  0  0  0  0  0  0  0   0  1  0  0  0  0]
 [ 0  0  0  1  0  3  1  0  0  3  0  0  0  0  0  0  0  0  0  0  0  0  0  0   0  0  0  0  0  0]
 [ 0  3  0  0  0  0  0  0  1  1  2  0  0  0  0  0  0  1  0  0  0  0  0  0   0  0  0  0  0  0]
 [ 0  2  1  0  0  0  0  0  0  0  0  2  0  0  0  0  0  0  0  2  1  1  0  0   0  0  0  0  0  0]
 [ 0  0  0  1  0  0  0  0  2  0  1  0  4  0  2  0  0  0  0  0  0  0  0  0   0  0  0  0  0  1]
 [ 0  2  0  0  0  1  0  0  0  0  0  1  1  1  1  0  2  0  0  1  0  0  0  0   0  0  0  0  0  0]
 [ 0  0  0  2  0  0  0  0  0  0  0  0  2  1  6  0  0  0  0  0  0  0  0  0   0  0  0  0  0  0]
 [ 0  0  0  0  3  0  0  0  0  0  0  0  0  0  0  6  0  0  0  0  0  0  0  0   0  0  0  0  0  0]
 [ 0  0  0  2  0  0  0  0  0  0  0  0  0  0  0  0  6  0  1  0  0  0  0  0   0  0  0  0  0  0]
 [ 0  1  0  0  1  1  0  1  0  0  0  0  0  0  0  0  0  1  0  0  0  2  0  0   0  0  1  1  1  0]
 [ 0  0  0  3  0  1  0  0  0  0  0  0  0  0  2  0  0  0  1  0  0  0  0  0   0  0  0  0  0  0]
 [ 0  0  0  0  0  0  0  0  0  0  0  0  0  0  0  0  0  0  0 10  0  0  0  0   0  0  0  0  0  0]
 [ 0  0  0  1  0  0  0  0  0  0  1  0  0  0  0  0  0  0  0  0  4  0  0  0   0  1  0  0  0  0]
 [ 0  3  0  0  0  0  0  0  0  0  0  0  0  0  0  0  0  0  0  0  0  3  0  0   0  1  0  0  1  0]
 [ 0  2  0  0  3  0  0  2  0  0  0  0  0  0  0  0  1  0  0  0  0  1  1  0   0  0  0  0  0  0]
 [ 0  0  0  0  0  0  0  0  0  0  0  0  0  0  1  0  0  0  1  0  0  0  0  8   0  0  0  0  0  0]
 [ 0  0  0  0  0  3  1  0  0  0  0  0  1  0  0  1  1  0  0  0  0  0  0  0   1  0  1  0  0  0]
 [ 0  0  0  0  0  0  0  0  0  0  0  0  0  0  0  0  0  0  0  0  1  0  0  0   0  8  0  0  0  0]
 [ 1  1  0  0  0  0  0  0  2  0  0  1  0  0  0  0  0  0  0  0  0  0  0  0   1  1  2  3  0  0]
 [ 2  0  0  0  0  0  0  0  2  0  0  0  0  0  0  0  0  0  0  0  0  0  0  0   0  0  2  7  1  0]
 [ 0  0  0  0  0  0  0  1  0  0  0  0  0  0  0  0  0  1  0  0  0  0  0  0   0  0  0  4  8  0]
 [ 1  1  0  0  0  0  1  0  1  0  0  1  0  2  0  0  1  0  0  0  0  0  0  0   0  0  0  1  0  0]]
 
Classifier MLP
Time to build model: 1.7381874383375902
Time to make predictions: 0.0040939351342501595
Overall F1 score: 0.25 
C:\Users\Diego\PycharmProjects\MLEx3\venv\lib\site-packages\sklearn\svm\base.py:196: FutureWarning: The default value of gamma will change from 'auto' to 'scale' in version 0.22 to account better for unscaled features. Set gamma explicitly to 'auto' or 'scale' to avoid this warning.
 
  "avoid this warning.", FutureWarning)
                        Per class F1 score: 
 [0.         0.         0.21052632 0.22222222 0.36363636 0.4
 0.55555556 0.4        0.47619048 0.58823529 0.         0.26666667
 0.21428571 0.27272727 0.14285714 0.125      0.23529412 0.1
 0.33333333 0.5        0.15384615 0.         0.08333333 0.
 0.125      0.42105263 0.38461538 0.14814815 0.25       0.0952381 ]

                        Confusion Matrix: 
 [[0 0 0 0 0 0 0 0 0 0 0 0 0 2 0 0 0 0 0 0 0 0 0 0 0 0 3 1 0 1]
 [0 0 0 1 0 0 0 1 1 0 0 0 3 0 0 1 0 0 0 0 0 1 1 0 0 1 0 0 1 0]
 [0 1 2 0 1 0 0 1 0 0 0 0 0 1 0 0 0 1 0 0 0 1 0 0 0 0 0 0 0 1]
 [0 1 0 2 0 2 0 0 0 0 0 0 0 0 0 0 0 0 1 1 1 0 0 0 0 0 0 0 0 0]
 [0 0 0 0 6 0 0 0 0 0 0 0 0 0 0 4 1 0 1 0 0 0 0 0 0 0 0 0 0 1]
 [0 0 0 0 0 5 0 1 0 0 0 0 0 0 0 0 0 1 1 0 0 0 0 0 0 0 0 2 0 1]
 [0 0 0 1 0 3 5 0 0 0 0 0 0 0 0 0 0 0 0 0 0 0 0 0 0 0 1 0 0 0]
 [0 0 1 0 0 1 0 4 0 1 1 0 0 0 0 0 1 0 0 0 0 0 0 0 0 0 0 0 0 0]
 [0 0 1 0 0 0 0 0 5 0 0 0 1 0 0 0 0 0 1 0 0 1 0 0 0 0 1 0 0 0]
 [0 0 0 0 0 0 0 0 0 5 0 0 0 0 0 0 0 0 0 0 0 1 0 0 0 0 1 1 0 0]
 [0 0 0 0 0 0 1 0 0 0 0 0 1 0 0 0 0 0 0 0 2 0 0 1 1 2 0 0 0 0]
 [1 1 0 0 0 1 0 0 0 0 0 2 0 0 0 1 0 1 1 0 0 0 0 0 0 0 0 1 0 0]
 [0 1 0 0 1 0 1 0 0 0 0 0 3 0 0 0 1 0 0 0 0 0 2 1 1 0 0 0 0 0]
 [0 1 0 1 0 0 0 0 0 0 1 1 0 3 0 0 2 0 0 0 0 0 1 0 0 0 0 0 0 0]
 [0 0 0 0 0 0 0 1 0 0 1 0 1 1 1 0 0 0 1 0 0 0 3 0 0 0 0 0 0 2]
 [0 1 1 0 4 0 0 0 0 0 0 0 0 0 0 1 0 0 0 1 0 0 0 0 0 0 0 0 0 1]
 [0 0 0 2 0 0 1 0 0 0 0 0 1 0 1 0 2 0 0 0 0 0 0 0 1 0 0 0 0 1]
 [0 1 0 0 2 1 0 0 0 0 0 0 0 1 0 0 0 1 0 1 0 0 2 1 0 0 0 0 0 0]
 [0 0 0 0 0 0 0 0 0 0 1 0 1 0 0 0 0 0 3 0 0 0 1 0 0 0 0 0 1 0]
 [0 0 2 0 0 0 0 1 0 0 0 1 0 0 0 0 0 1 0 5 0 0 0 0 0 0 0 0 0 0]
 [0 0 0 0 0 0 0 1 1 1 1 0 1 0 0 0 0 0 0 1 1 0 0 0 0 0 0 0 0 0]
 [0 1 1 0 0 0 0 0 0 0 0 0 1 0 0 0 0 2 0 0 0 0 2 0 0 0 0 0 1 0]
 [0 0 0 0 4 0 0 1 0 0 2 1 0 0 0 0 0 0 0 0 0 0 1 1 0 0 0 0 0 0]
 [0 0 0 0 2 0 0 0 0 0 0 0 1 1 0 0 0 1 2 0 2 0 0 0 0 1 0 0 0 0]
 [0 0 0 1 0 0 0 0 0 1 0 0 3 0 1 0 0 0 0 0 0 0 0 0 1 0 0 0 0 2]
 [0 0 2 0 0 0 0 0 1 0 0 0 0 0 0 0 0 0 0 0 0 0 0 0 1 4 0 0 1 0]
 [1 2 0 1 0 0 0 0 0 0 0 0 0 0 0 0 0 0 0 0 0 0 0 0 1 0 5 2 0 0]
 [0 1 0 1 0 0 0 0 2 1 0 0 0 0 0 0 0 0 0 0 0 0 0 0 1 2 2 2 2 0]
 [0 0 0 0 0 0 0 0 1 0 0 0 0 2 0 0 0 2 0 1 0 0 0 0 0 0 1 3 3 1]
 [0 1 0 0 0 1 0 0 0 0 0 1 0 1 0 0 1 0 0 0 0 0 1 0 0 0 0 1 1 1]]
 
Classifier SVM

Time to build model: 0.7034892746426209
Time to make predictions: 0.144509538188899
C:\Users\Diego\PycharmProjects\MLEx3\venv\lib\site-packages\sklearn\metrics\classification.py:1143: UndefinedMetricWarning: F-score is ill-defined and being set to 0.0 in labels with no predicted samples.
Overall F1 score: 0.04794520547945205 
  'precision', 'predicted', average, warn_for)
 
                        Per class F1 score: 
 [0.         0.         0.         0.         0.         0.
 0.         0.         0.         0.         0.         0.
 0.         0.         0.         0.         0.         0.
 0.         0.         0.         0.         0.         0.
 0.         0.         0.         0.         0.09150327 0.        ]

                        Confusion Matrix: 
 [[ 0  0  0  0  0  0  0  0  0  0  0  0  0  0  0  0  0  0  0  0  0  0  0  0   0  0  0  0  7  0]
 [ 0  0  0  0  0  0  0  0  0  0  0  0  0  0  0  0  0  0  0  0  0  0  0  0   0  0  0  0 11  0]
 [ 0  0  0  0  0  0  0  0  0  0  0  0  0  0  0  0  0  0  0  0  0  0  0  0   0  0  0  0  9  0]
 [ 0  0  0  0  0  0  0  0  0  0  0  0  0  0  0  0  0  0  0  0  0  0  0  0   0  0  0  0  8  0]
 [ 0  0  0  0  0  0  0  0  0  0  0  0  0  0  0  0  0  0  0  0  0  0  0  0   0  0  0  0 13  0]
 [ 0  0  0  0  0  0  0  0  0  0  0  0  0  0  0  0  0  0  0  0  0  0  0  0   0  0  0  0 11  0]
 [ 0  0  0  0  0  0  0  0  0  0  0  0  0  0  0  0  0  0  0  0  0  0  0  0   0  0  0  0 10  0]
 [ 0  0  0  0  0  0  0  0  0  0  0  0  0  0  0  0  0  0  0  0  0  0  0  0   0  0  0  0  9  0]
 [ 0  0  0  0  0  0  0  0  0  0  0  0  0  0  0  0  0  0  0  0  0  0  0  0   0  0  0  0 10  0]
 [ 0  0  0  0  0  0  0  0  0  0  0  0  0  0  0  0  0  0  0  0  0  0  0  0   0  0  0  0  8  0]
 [ 0  0  0  0  0  0  0  0  0  0  0  0  0  0  0  0  0  0  0  0  0  0  0  0   0  0  0  0  8  0]
 [ 0  0  0  0  0  0  0  0  0  0  0  0  0  0  0  0  0  0  0  0  0  0  0  0   0  0  0  0  9  0]
 [ 0  0  0  0  0  0  0  0  0  0  0  0  0  0  0  0  0  0  0  0  0  0  0  0   0  0  0  0 11  0]
 [ 0  0  0  0  0  0  0  0  0  0  0  0  0  0  0  0  0  0  0  0  0  0  0  0   0  0  0  0 10  0]
 [ 0  0  0  0  0  0  0  0  0  0  0  0  0  0  0  0  0  0  0  0  0  0  0  0   0  0  0  0 11  0]
 [ 0  0  0  0  0  0  0  0  0  0  0  0  0  0  0  0  0  0  0  0  0  0  0  0   0  0  0  0  9  0]
 [ 0  0  0  0  0  0  0  0  0  0  0  0  0  0  0  0  0  0  0  0  0  0  0  0   0  0  0  0  9  0]
 [ 0  0  0  0  0  0  0  0  0  0  0  0  0  0  0  0  0  0  0  0  0  0  0  0   0  0  0  0 10  0]
 [ 0  0  0  0  0  0  0  0  0  0  0  0  0  0  0  0  0  0  0  0  0  0  0  0   0  0  0  0  7  0]
 [ 0  0  0  0  0  0  0  0  0  0  0  0  0  0  0  0  0  0  0  0  0  0  0  0   0  0  0  0 10  0]
 [ 0  0  0  0  0  0  0  0  0  0  0  0  0  0  0  0  0  0  0  0  0  0  0  0   0  0  0  0  7  0]
 [ 0  0  0  0  0  0  0  0  0  0  0  0  0  0  0  0  0  0  0  0  0  0  0  0   0  0  0  0  8  0]
 [ 0  0  0  0  0  0  0  0  0  0  0  0  0  0  0  0  0  0  0  0  0  0  0  0   0  0  0  0 10  0]
 [ 0  0  0  0  0  0  0  0  0  0  0  0  0  0  0  0  0  0  0  0  0  0  0  0   0  0  0  0 10  0]
 [ 0  0  0  0  0  0  0  0  0  0  0  0  0  0  0  0  0  0  0  0  0  0  0  0   0  0  0  0  9  0]
 [ 0  0  0  0  0  0  0  0  0  0  0  0  0  0  0  0  0  0  0  0  0  0  0  0   0  0  0  0  9  0]
 [ 0  0  0  0  0  0  0  0  0  0  0  0  0  0  0  0  0  0  0  0  0  0  0  0   0  0  0  0 12  0]
 [ 0  0  0  0  0  0  0  0  0  0  0  0  0  0  0  0  0  0  0  0  0  0  0  0   0  0  0  0 14  0]
 [ 0  0  0  0  0  0  0  0  0  0  0  0  0  0  0  0  0  0  0  0  0  0  0  0   0  0  0  0 14  0]
 [ 0  0  0  0  0  0  0  0  0  0  0  0  0  0  0  0  0  0  0  0  0  0  0  0   0  0  0  0  9  0]]
 
Process finished with exit code 0

